0 2.99567818392924 1.98519008431401 1
0.1 2.29440925273996 2.26579732972291 1
0.2 1.81948743608442 2.55085105464683 1
0.3 1.24830350762461 2.72644004689619 1
0.4 0.936712722466405 2.77759147627923 1
0.5 0.724272917239986 2.76506514521891 1
0.6 0.540495963809226 2.5240428856167 1
0.7 0.409438186349414 2.60567830846262 1
0.8 0.158794425730155 2.09612337585386 1
0.9 0.336605307348195 1.86875993844013 1
1 0.367601845281038 1.82982163192265 1
1.1 0.256563283685232 1.7248941778608 1
1.2 0.207682001807227 1.5331954162672 1
1.3 0.201432932302355 1.47889873781565 1
1.4 0.189442763545684 1.48817697155811 1
1.5 0.175356459310921 1.28225542167072 1
1.6 0.212390928421633 1.20492807801769 1
1.7 0.0979549213217672 0.771902565149647 1
1.8 0.109210427046274 0.996045059255815 1
1.9 -0.0408415933728227 0.686618511012634 1
2 0.0971406398206357 0.728944795218844 1
2.1 0.207761062370675 0.82512854620722 1
2.2 0.275962205604159 0.409889445763064 1
2.3 0.109236496797439 0.644316331166122 1
2.4 0.236985665752429 0.323468609663292 1
2.5 0.334162555141157 0.436902888257516 1
2.6 0.153034527454007 0.366063335823005 1
2.7 0.200454873656439 0.398651534811887 1
2.8 0.00820407047666089 0.208742845545059 1
2.9 0.388351147921947 0.439261345369311 1
3 0.174080139277088 0.308775845391887 1
3.1 0.416660900541762 0.156561786984006 1
3.2 0.270371625348836 0.329612016398458 1
3.3 0.490635886781182 0.320596487009731 1
3.4 0.260480794102278 0.421907721359688 1
3.5 0.319314714046269 0.200696012812439 1
3.6 0.652036381417786 0.371239295029172 1
3.7 0.66764431175552 0.184930770333451 1
3.8 0.904773021036926 0.261852205515907 1
3.9 0.80695187835812 0.251410120769042 1
4 1.1225767442618 0.172078456358423 1
4.1 1.25579043097327 0.306126415795809 1
4.2 1.50698713335565 0.224841390580867 1
4.3 1.72627084300982 0.287822055102538 1
4.4 2.01276678418456 0.29363880868376 1
4.5 2.31367757042849 0.41395285080392 1
4.6 2.74644598027865 0.376564627506375 1
4.7 3.02802042029022 0.394803093962688 1
4.8 3.36532526633501 0.419488077942887 1
4.9 3.571179322305 0.676158817205081 1
0 3.01878328540337 2.09620674723004 2
0.1 2.27616552361403 2.61973655183762 2
0.2 1.7909819994104 2.93383667927746 2
0.3 1.13164165594102 3.04823518453534 2
0.4 0.698647188573922 2.68759876242006 2
0.5 0.628325566276516 2.76502905113515 2
0.6 0.250382224231176 2.5711148450215 2
0.7 0.29621159128862 2.47358560442863 2
0.8 0.239037888790447 2.33815219163784 2
0.9 0.115589845381221 1.99034749521717 2
1 0.102962182483033 1.95888848013751 2
1.1 -0.0276914840882428 1.81814529679338 2
1.2 0.2348754699582 1.63965846744492 2
1.3 0.201492990668508 1.39298010286908 2
1.4 0.127215046850012 1.25091184256126 2
1.5 0.0951899031180191 1.14724863977711 2
1.6 -0.043264280652099 1.22939178316185 2
1.7 0.256017018388442 0.988187346073732 2
1.8 -0.0114752532315269 1.07097983416969 2
1.9 0.123293470588262 0.860488809404384 2
2 0.0309538152888365 0.859044639265937 2
2.1 0.217374644192027 0.62056618871674 2
2.2 0.0560025029662827 0.577967326688299 2
2.3 -0.0327585400741111 0.667282655443676 2
2.4 0.0950105756397018 0.383892091260013 2
2.5 0.0664461371863132 0.470847789938356 2
2.6 0.266651878905104 0.544573891324761 2
2.7 0.176457672060202 0.410984464856517 2
2.8 0.239531971790553 0.476858162035392 2
2.9 0.203761914580002 0.442900636143223 2
3 0.326305389809975 0.15532498167967 2
3.1 0.218714620309939 0.334360656635298 2
3.2 0.141212363128267 0.225093556440181 2
3.3 0.45520791921387 0.301029470495599 2
3.4 0.26425066084954 0.27431984898182 2
3.5 0.478507744768815 0.168014306925258 2
3.6 0.569213453425923 0.173809060083399 2
3.7 0.526131696462141 0.228163270452448 2
3.8 0.556901638386652 0.17102303797096 2
3.9 0.660989950704418 0.0209078710108657 2
4 0.826527035285924 0.0810959576515906 2
4.1 1.14383762742479 0.0485933669861785 2
4.2 1.05461097685235 0.198491640404698 2
4.3 1.50721530353264 0.164927327913444 2
4.4 1.84091920163629 0.135241307073739 2
4.5 2.01474581216986 0.194781375990288 2
4.6 2.33743653630255 0.0926740030425419 2
4.7 2.65705630114965 0.399644673550371 2
4.8 3.25963683477971 0.637298271207949 2
4.9 3.25684978532825 0.354109480551536 2
0 3.00029778929656 2.13518852800504 3
0.1 2.22188126181731 2.48198871373557 3
0.2 1.56657074165978 2.76260116753506 3
0.3 1.42810405882058 2.79511113954543 3
0.4 0.596616548406855 2.91454076112549 3
0.5 0.609920936524958 2.99546121736066 3
0.6 0.384835609528176 2.66549047165029 3
0.7 0.223302546888894 2.40702159493536 3
0.8 0.0945197353392154 2.34482839215742 3
0.9 0.143984580070281 2.1788461527555 3
1 0.110878074552435 1.81469128062307 3
1.1 0.191898464573319 1.68343468449008 3
1.2 0.0733738942170214 1.6482497723294 3
1.3 0.00268170949648881 1.40210582529634 3
1.4 0.206252370602 1.2684474250285 3
1.5 0.129811951094032 1.23012522086984 3
1.6 0.0332436169652492 1.215799895136 3
1.7 0.175100409044851 0.898982639791891 3
1.8 0.196614401038155 0.904054635669305 3
1.9 0.118793740610992 0.855837683157032 3
2 -0.0467017291679238 0.802269779178504 3
2.1 0.0908163513268648 0.588667588761645 3
2.2 0.0369654144459489 0.527674369134431 3
2.3 0.111816059289438 0.60842005095341 3
2.4 0.241102399976137 0.50606197700062 3
2.5 0.144682535255656 0.360831501935671 3
2.6 0.177367853522849 0.542319618816486 3
2.7 0.277244534195988 0.349728891898024 3
2.8 0.066503571107049 0.2100398587164 3
2.9 0.18498811464767 0.304331818394049 3
3 0.200498403717751 0.414707965477944 3
3.1 0.270050630050941 0.168665136216685 3
3.2 0.318470114179771 0.273681653785264 3
3.3 0.372151830348246 0.470287535202608 3
3.4 0.349165480419406 0.223242999507137 3
3.5 0.405433408755381 0.349330978315044 3
3.6 0.49534809217421 0.169982371858549 3
3.7 0.539591644895266 0.33495268935321 3
3.8 0.851083691661461 0.30105084303939 3
3.9 0.799093769028662 0.193164252651083 3
4 1.18877806627958 0.256595596264763 3
4.1 1.23799650084893 0.198685156762863 3
4.2 1.46764310664088 0.269103175300217 3
4.3 1.51849615450611 0.274687339847617 3
4.4 1.82452563707117 0.288448041018068 3
4.5 2.13554091378846 0.31835742394722 3
4.6 2.48066409262676 0.107431475339091 3
4.7 2.85512031184001 0.592901331224246 3
4.8 3.23078899787972 0.299109149141043 3
4.9 3.72946634653648 0.582249961774795 3
0 3.16449516038662 2.1383592676296 4
0.1 2.38940737514019 2.32209851427991 4
0.2 1.73401527596019 2.67096251661229 4
0.3 1.30305917646223 2.77693894984981 4
0.4 0.941949505836162 2.81223024377804 4
0.5 0.638081946931331 2.79028256072464 4
0.6 0.328126247678836 2.82055570401446 4
0.7 0.265937453678797 2.5027985958793 4
0.8 0.188480820962863 2.37282559116162 4
0.9 0.130914310579227 2.107878455826 4
1 0.0207845930955686 2.11696156458847 4
1.1 0.098815721576001 1.86717947425098 4
1.2 0.285629112891545 1.6832384623118 4
1.3 0.295509422908531 1.49735182041232 4
1.4 -0.0935011343891304 1.34158084461658 4
1.5 -0.00817081191987529 1.25919131719587 4
1.6 0.118430855201982 1.10919758348546 4
1.7 0.0647590982512605 1.2150850316346 4
1.8 0.118786265729931 0.754566932783449 4
1.9 -0.0165237573242494 0.905722726475801 4
2 0.0391191809470178 0.823050081902158 4
2.1 0.0445369286093902 0.688609178958872 4
2.2 0.111704276042923 0.829628809094519 4
2.3 0.227402362291756 0.737869780403592 4
2.4 0.0660557435766201 0.45730502709452 4
2.5 0.0794783013292032 0.619818654834631 4
2.6 0.254275943120828 0.502542268218446 4
2.7 -0.0893181188272792 0.532938287017699 4
2.8 -0.00652503519761594 0.284527976611039 4
2.9 0.217035602665417 0.364088392865674 4
3 0.0440451892344036 0.361128482603239 4
3.1 0.350556522701685 0.349693615911452 4
3.2 0.220504129638832 0.181053976869462 4
3.3 0.398485353708349 0.35506854792712 4
3.4 0.319073580961591 0.281510536565423 4
3.5 0.404693690538235 0.17351731606933 4
3.6 0.488526487955039 0.350503486639983 4
3.7 0.572443056993196 0.268428829652608 4
3.8 0.651219341898963 0.295722600621028 4
3.9 0.928928027281852 0.240111888101088 4
4 1.03100803828677 0.352654874836904 4
4.1 1.13225333805742 0.219920571595059 4
4.2 1.27744714979526 0.200380442620195 4
4.3 1.28845224608171 0.264969154796282 4
4.4 1.72215891275346 -0.0702883146438638 4
4.5 1.85147297489853 0.280905328493926 4
4.6 2.30971254956353 0.324894993218536 4
4.7 2.65510959300078 0.484264869173726 4
4.8 3.13115689535678 0.53299550532717 4
4.9 3.4395912883225 0.523656981533483 4
0 2.82903396853893 2.00186477238215 5
0.1 2.34943981116414 2.17079167409218 5
0.2 1.70437414333108 2.48610235553168 5
0.3 1.36737236153137 2.67455683849945 5
0.4 0.945447641307423 2.73877352829963 5
0.5 0.820173984322508 2.63165474738707 5
0.6 0.443403997480398 2.32341883344508 5
0.7 0.514709220824585 2.30403108745898 5
0.8 0.14590942927659 2.12706932698982 5
0.9 0.226986622499249 2.10390670579915 5
1 0.295177807581847 1.89247620314914 5
1.1 0.120264444015653 1.78225078356442 5
1.2 0.109079196676263 1.63263791514631 5
1.3 0.17050079391628 1.44448531231765 5
1.4 0.0166080832538775 1.49879995223722 5
1.5 0.191942542721676 1.1486987398814 5
1.6 -0.107514935591828 1.11765864574414 5
1.7 0.0294550293756063 0.971971459708258 5
1.8 0.022174037898997 0.957309405134275 5
1.9 0.0232989320665613 0.764775184065496 5
2 0.0126122521078924 0.838905303813456 5
2.1 0.231956753714117 0.633982720850638 5
2.2 0.0286639091735951 0.659031110278738 5
2.3 0.145076390315371 0.645643330734099 5
2.4 0.209593815444035 0.526902776065632 5
2.5 0.111134662458886 0.593116350163406 5
2.6 0.120286835407155 0.578107288421391 5
2.7 0.121456501119536 0.413948752384295 5
2.8 0.236790908535557 0.406507764158778 5
2.9 0.206925819181394 0.342963921743097 5
3 0.28281253547538 0.341512376624712 5
3.1 0.173935414825884 0.520255911604669 5
3.2 0.184902703694452 0.116788915279765 5
3.3 0.247181904791157 0.428778786780778 5
3.4 0.488513817719714 0.224768285036825 5
3.5 0.424952725153764 0.216355113900462 5
3.6 0.763725409312746 0.417871859136919 5
3.7 0.80573341662401 0.267299249678494 5
3.8 0.847685506113483 0.244014077867667 5
3.9 0.859096611942651 0.184157976284111 5
4 1.25831431727418 0.133278388046302 5
4.1 1.41501643622039 0.323485200980059 5
4.2 1.65921410967938 0.256223148320598 5
4.3 1.91131194402713 0.213207626134506 5
4.4 2.35285981166468 0.409005685399168 5
4.5 2.60283094049452 0.234688228138678 5
4.6 2.76517562582577 0.422455630952064 5
4.7 3.21083332277752 0.466483524723964 5
4.8 3.48456498299164 0.539538349042824 5
4.9 3.69357938890967 0.747391057300759 5
0 3.18196728432287 1.97204861331379 6
0.1 2.3776636911301 2.43484590666368 6
0.2 1.74701459974363 2.59266276105711 6
0.3 1.09075198352624 2.73416991970611 6
0.4 0.770000863432645 2.82913191604259 6
0.5 0.67260711892811 2.77038882231478 6
0.6 0.288337210063562 2.66232135176207 6
0.7 0.167573082580925 2.59559543268868 6
0.8 0.344068698312716 2.17001446717774 6
0.9 0.224162574596586 2.22900172507285 6
1 0.0448255385867609 2.11864041528649 6
1.1 0.206321488796895 1.61279011936802 6
1.2 -0.0105263026666197 1.51499878698448 6
1.3 0.0621843508653484 1.36705880886618 6
1.4 0.228102545960272 1.35859954989158 6
1.5 -0.0220991549691619 1.31245744878655 6
1.6 0.0666818949382461 1.5116524330765 6
1.7 0.0175815700855622 0.931171658669592 6
1.8 0.173070747858377 1.05130067177735 6
1.9 0.0786115116140634 0.881602422353381 6
2 0.129556921443149 0.750148307688911 6
2.1 0.0680056748244764 0.573943399686765 6
2.2 0.0685229644921877 0.601305555088421 6
2.3 0.112828273763834 0.639139504997555 6
2.4 0.014949607621703 0.693332199244109 6
2.5 0.00351869538809492 0.471329132275264 6
2.6 0.0271491191080648 0.5342850872996 6
2.7 -0.0794850597153703 0.521148071501881 6
2.8 0.134807979962908 0.357555865809385 6
2.9 0.183743025805846 0.382053278961687 6
3 0.220303612902222 0.389207271623531 6
3.1 0.197827194208731 0.330144942528271 6
3.2 0.340933504651051 0.294023586041183 6
3.3 0.137790258094136 0.33740755553983 6
3.4 0.332585178028527 0.354663596950358 6
3.5 0.510141686074433 0.248343674379974 6
3.6 0.399131902930323 0.288508256510429 6
3.7 0.530422621584937 0.320483912136538 6
3.8 0.800969628220564 0.118550845676512 6
3.9 0.839276868613468 0.0820631265401118 6
4 1.09116092281618 0.366039002271898 6
4.1 1.28696168836278 0.337603386432785 6
4.2 1.24143266839262 0.38332217712783 6
4.3 1.71229445442298 0.255181124714772 6
4.4 1.88480414905426 0.239180534358057 6
4.5 2.16166893273738 0.247195233991877 6
4.6 2.51578841494712 0.252279708663572 6
4.7 2.80961278833472 0.258398138621802 6
4.8 2.99801531938027 0.161668029621594 6
4.9 3.40033427780281 0.556097121570873 6
0 3.04253259167759 1.89887728604221 7
0.1 2.43461778364956 2.50479050999727 7
0.2 1.55072533377802 2.59597643224012 7
0.3 1.19511432418609 2.66493848190387 7
0.4 0.818571341586969 2.63769228821275 7
0.5 0.70745937992643 2.73119837456156 7
0.6 0.331011153828776 2.68150543589441 7
0.7 0.295878733958159 2.27261915021585 7
0.8 0.154938700527201 2.0490876258458 7
0.9 0.199726425319934 2.156088669487 7
1 0.163561871545219 1.94593760034972 7
1.1 0.125607926876911 1.73863390539394 7
1.2 0.0875954134622222 1.56090447040005 7
1.3 -6.25828427368857e-05 1.43931119635595 7
1.4 0.081768377756891 1.39232517456223 7
1.5 -0.0248994362634438 1.24595406295045 7
1.6 0.0155272006359279 1.2113549836881 7
1.7 0.22445494927396 0.904059599225797 7
1.8 0.0488577970937572 0.821677713564716 7
1.9 0.0893994191771429 0.915788041998708 7
2 0.211869609090746 0.824553136807609 7
2.1 0.0152571887794407 0.731131835244811 7
2.2 0.102107275882482 0.692156684509278 7
2.3 0.129083107829911 0.530918446451026 7
2.4 0.114034504752286 0.40476109700719 7
2.5 0.123034042468101 0.525729273840102 7
2.6 0.059353324882045 0.47881317360848 7
2.7 0.168145582572853 0.342950860094228 7
2.8 0.215218312109232 0.417460630262869 7
2.9 0.47123875319553 0.465437130014799 7
3 0.356178605657838 0.218219907271646 7
3.1 0.321128835579018 0.402124885339002 7
3.2 0.32570322918623 0.220852927444023 7
3.3 0.382663099074953 0.267359775846749 7
3.4 0.357902052102472 0.227430710612687 7
3.5 0.579038337110038 0.218825128355184 7
3.6 0.535326436580849 0.281077956654964 7
3.7 0.729200167946156 0.250406706358206 7
3.8 0.910914137310444 0.179456393642208 7
3.9 0.843105396963802 0.174328758014475 7
4 1.10390130532152 0.269443993966873 7
4.1 1.12861943372221 0.209463606968495 7
4.2 1.41523087100077 0.0720796015297734 7
4.3 1.82762180253987 0.31664809468297 7
4.4 2.14902733090624 0.358833489898234 7
4.5 2.14617125416131 0.230124562700895 7
4.6 2.75010552920264 0.403140718661943 7
4.7 3.03506338140709 0.474361973605122 7
4.8 3.37064187695547 0.463441176450607 7
4.9 3.70211425957148 0.775131605812607 7
0 2.88285256991714 1.95190729084117 8
0.1 2.22718899708135 2.22481888742353 8
0.2 1.80772710570742 2.40866282002412 8
0.3 1.31907377678011 2.61234995519746 8
0.4 0.937758072409976 2.60417109322537 8
0.5 0.63774867081941 2.44143962006519 8
0.6 0.63384424863575 2.5283432505113 8
0.7 0.474596772731145 2.25566965402634 8
0.8 0.286329303444352 2.14615737593863 8
0.9 0.249475388257802 2.00100152375 8
1 0.416058679294788 1.84074497358885 8
1.1 0.185268485881057 1.65189180454792 8
1.2 -0.0346046693140763 1.4509212379422 8
1.3 0.172697532562062 1.54323654203869 8
1.4 -0.0284280546394631 1.2625724504048 8
1.5 0.0674524529219432 1.3437227153312 8
1.6 0.0652149035546533 0.986404275917882 8
1.7 0.0746604226134711 1.06311576862067 8
1.8 0.241333757960519 0.884729702256198 8
1.9 0.0520523351906963 0.926571743868646 8
2 0.0978060972760971 0.70631721297792 8
2.1 0.101248271752986 0.833713843743858 8
2.2 0.214046195948306 0.641511552730531 8
2.3 0.0880824675269546 0.660577282098743 8
2.4 0.00847933776575172 0.640875200725702 8
2.5 0.00992022948381516 0.618475366463128 8
2.6 0.296405697623545 0.457108365330864 8
2.7 0.184396527779452 0.402295234269092 8
2.8 0.103597272342704 0.265970850849645 8
2.9 0.229815747117711 0.376934630091283 8
3 0.0609331422719619 0.328516697851364 8
3.1 0.345340517257699 0.406760536451227 8
3.2 0.370297126983458 0.442407983825354 8
3.3 0.673603308858116 0.505123796271328 8
3.4 0.64035755722943 0.148516996915544 8
3.5 0.575164685485133 0.330432656398881 8
3.6 0.808583034883558 0.227677132138451 8
3.7 0.845975085757227 0.0973427955552793 8
3.8 1.04725515278619 0.196506142515445 8
3.9 1.01220728564574 0.208920267137689 8
4 1.34427701299364 0.355615569662933 8
4.1 1.60303174156244 0.128563175682271 8
4.2 1.74110922035264 0.176755618157097 8
4.3 1.88438182567718 0.246073655903818 8
4.4 2.31828425503438 0.461334028440673 8
4.5 2.59175642062287 0.510997107823215 8
4.6 3.01361445436882 0.426242549121377 8
4.7 3.10741360060825 0.880435224066897 8
4.8 3.46862776209673 0.71297181012927 8
4.9 3.60788322857063 1.02487542017243 8
0 2.791232157258 2.03092843634798 9
0.1 2.31025638602595 2.65936534560791 9
0.2 1.54955380555189 2.6130467761126 9
0.3 1.27668347675068 2.81051489919178 9
0.4 0.716770832583982 2.6222422535371 9
0.5 0.626599333307672 2.70470826637764 9
0.6 0.282902262344982 2.57332847781472 9
0.7 0.23983596905301 2.21212402652277 9
0.8 0.334102922848082 2.34659535791602 9
0.9 0.0649731587040273 2.06766783930154 9
1 0.25303402884647 2.04374917590195 9
1.1 0.199776554733184 1.87026087604304 9
1.2 0.111079157708247 1.69576597623558 9
1.3 -0.0208586473964133 1.38009597174671 9
1.4 0.135016371195947 1.32309381921619 9
1.5 0.190684823846913 1.03429417920815 9
1.6 0.176697965803635 1.16107534619412 9
1.7 -0.0854106194118392 0.932921931166387 9
1.8 0.150403371749858 1.02684526474027 9
1.9 0.238578218447414 0.576891373643355 9
2 0.0527545130684651 0.615545159235621 9
2.1 0.0820513130814949 0.699437160598453 9
2.2 0.0758516590730221 0.625243385993333 9
2.3 0.0826242370770311 0.641047436250085 9
2.4 0.0708943687259636 0.626197103735403 9
2.5 0.0705455822949248 0.50054896325468 9
2.6 0.202935130032281 0.445206825412969 9
2.7 0.289831040552192 0.531516430509953 9
2.8 0.0942633555688052 0.305174687553583 9
2.9 0.218166234876674 0.331632380554392 9
3 0.0515041393074649 0.245465698880518 9
3.1 0.372215737044211 0.45710415709262 9
3.2 0.354680335032075 0.314766922114224 9
3.3 0.335593854977058 0.178496494170851 9
3.4 0.371722192077979 0.0937884940160641 9
3.5 0.546503866759934 0.0856121569940928 9
3.6 0.620873831957243 0.182044011460485 9
3.7 0.774591760575344 0.263787303014906 9
3.8 0.734254956531572 0.0752583932685288 9
3.9 1.01799583161128 0.287236102888481 9
4 1.23403218025723 0.328703296498824 9
4.1 1.27705820354924 0.170999733883488 9
4.2 1.44041407094083 0.269027704726875 9
4.3 1.85719711715471 0.229063662315587 9
4.4 1.88312128880133 0.21738330803268 9
4.5 2.31397390240522 0.312509548666029 9
4.6 2.72443496833502 0.509801868211284 9
4.7 3.03512045466847 0.39336230120377 9
4.8 3.55020129819226 0.493702839560398 9
4.9 3.67942099588239 0.684497922624228 9
0 2.85423784290453 2.00281587426796 10
0.1 2.37304647659899 2.38157435719004 10
0.2 1.65404665138638 2.62042277423482 10
0.3 1.20720988161896 2.84216120898411 10
0.4 0.715760639828393 2.81251891857731 10
0.5 0.60594561403706 2.54784704604919 10
0.6 0.34331929984129 2.58876386625832 10
0.7 0.385705296079173 2.37480632842741 10
0.8 0.225787043302514 2.1813761407082 10
0.9 0.137599612671823 2.26031154179397 10
1 0.178930141926103 2.011775836058 10
1.1 0.0217723101844013 1.63431112658945 10
1.2 0.13261402883942 1.49509281419203 10
1.3 0.207734514621979 1.52324198003828 10
1.4 0.172546353398119 1.35435417390911 10
1.5 0.159174466795495 1.32809545415145 10
1.6 0.101295000930842 1.05112026570681 10
1.7 0.143747251772488 1.05915761859527 10
1.8 0.0312925033994423 0.807264962725592 10
1.9 0.247329880778394 0.946078105219227 10
2 0.102975462169017 0.597420163597335 10
2.1 0.186477921703595 0.968743013640339 10
2.2 -0.243470077070459 0.758057513413721 10
2.3 0.0825086501174177 0.614951948831847 10
2.4 0.0517366104992993 0.609512188771888 10
2.5 0.173737185550783 0.450818624990537 10
2.6 0.140721858902242 0.403717099792413 10
2.7 0.243254710457045 0.510679727353664 10
2.8 0.217005648609141 0.286126567861881 10
2.9 0.214882013456596 0.290350367099119 10
3 0.196660333443595 0.275248477511803 10
3.1 0.21814688714032 0.436675158299686 10
3.2 0.312932098869627 0.411105654200725 10
3.3 0.512213256186095 0.465921512406784 10
3.4 0.370164171564879 0.369729007596354 10
3.5 0.315260682606736 0.319766862368657 10
3.6 0.651605721493183 0.047640410275698 10
3.7 0.631337799891892 0.148180764262641 10
3.8 0.800279993547508 0.296802382856763 10
3.9 0.993562895040788 0.273577892447331 10
4 1.0667656338032 0.387307820313293 10
4.1 1.3142588726974 0.354216879634791 10
4.2 1.56447777231046 0.104158477689427 10
4.3 1.54397538801255 0.185327205932836 10
4.4 1.929143690265 0.293828495153115 10
4.5 2.37319958160452 0.303865441305226 10
4.6 2.85002318012004 0.24183326475207 10
4.7 3.07945417743588 0.40962769194312 10
4.8 3.61232824032742 0.468987747462251 10
4.9 3.62876295155196 0.733343927171086 10
0 3.06363034972969 1.6782906769184 11
0.1 2.48425467654885 2.35108353059611 11
0.2 1.84542749778598 2.59533320847032 11
0.3 1.38889664668432 2.62551619942884 11
0.4 0.849527291574256 2.45168458942186 11
0.5 0.801533702986809 2.59029210995103 11
0.6 0.352565046141637 2.65419604915129 11
0.7 0.335787067756163 2.41333262916315 11
0.8 0.362695681146844 2.31720170179141 11
0.9 0.335292829231768 2.00741416970496 11
1 0.170555534481075 1.84236833339792 11
1.1 0.131720371539356 1.66229231257065 11
1.2 0.0805933968740081 1.66414535039991 11
1.3 0.270699313381719 1.43153062228756 11
1.4 0.0390876266962012 1.32367213918863 11
1.5 0.0929759822067205 1.21170334400499 11
1.6 0.159140201863738 0.969773766531939 11
1.7 0.118228340096993 1.00410161391518 11
1.8 0.0579245979571618 1.07883041258479 11
1.9 0.219162993396768 0.899613739175097 11
2 0.146982810856018 0.958261563636776 11
2.1 0.0808767263282051 0.612039711598356 11
2.2 0.136664322000992 0.419739067492277 11
2.3 0.130622737133174 0.576179163426099 11
2.4 0.202365737945027 0.548063848905841 11
2.5 0.26514784007513 0.518166110949027 11
2.6 0.145228000206488 0.456536743460899 11
2.7 0.173333071776725 0.44992394464563 11
2.8 0.268325045181285 0.332984280341874 11
2.9 0.337868100992548 0.431560105618363 11
3 0.489677931017376 0.464416099173108 11
3.1 0.25034022393711 0.293383610539989 11
3.2 0.330268724362449 0.482072973241461 11
3.3 0.466355753228031 0.368307628220854 11
3.4 0.417065231864487 0.268522655829804 11
3.5 0.564188033704446 0.289024334791499 11
3.6 0.801004600668755 0.215088092979481 11
3.7 0.712806904484983 0.277102226092558 11
3.8 1.02038971655181 0.327763980176604 11
3.9 1.10880874335783 0.350236749772152 11
4 1.19009680521528 0.252528616080814 11
4.1 1.47084990933946 0.288382761783109 11
4.2 1.70549083058972 0.486042021702915 11
4.3 1.98985706232006 -0.0330636957988739 11
4.4 2.3125039364583 0.265884046085632 11
4.5 2.71171516135734 0.437346267029391 11
4.6 2.84827389792342 0.394035538688541 11
4.7 3.28937038281612 0.707323178084314 11
4.8 3.41763870048212 0.613993365777758 11
4.9 3.56664343187874 0.878929713548491 11
0 3.04655823541492 1.66021644532715 12
0.1 2.6379540425767 2.25914292924684 12
0.2 1.85042206324028 2.49426608062277 12
0.3 1.25148271706974 2.65956331235575 12
0.4 1.03716384092621 2.58804052899951 12
0.5 0.827146224175409 2.78241869797739 12
0.6 0.627624612195092 2.55440891670748 12
0.7 0.335268527459478 2.34222656494971 12
0.8 0.231322149158841 2.33119327399842 12
0.9 0.103375504833479 2.12948754549016 12
1 0.257366716274054 1.88778716807427 12
1.1 -0.00100284064241082 1.66575156055911 12
1.2 0.109736267212093 1.53144057009471 12
1.3 0.256138228515555 1.41784830134583 12
1.4 0.129724990883794 1.32301951864085 12
1.5 0.133590340549979 1.21112018657397 12
1.6 0.140351559687695 1.12554526835564 12
1.7 0.130535840308614 1.06031354848593 12
1.8 0.146803095618332 0.911713219570933 12
1.9 0.110743269099148 0.712750515029672 12
2 0.129851779765954 0.709423609238068 12
2.1 -0.00926905314344062 0.698025048178702 12
2.2 0.325060018691742 0.687374614699347 12
2.3 0.164522866947692 0.373956626359435 12
2.4 0.125050247776643 0.627507061239171 12
2.5 0.0379836157752963 0.556470960401964 12
2.6 0.269495393747959 0.358732614425981 12
2.7 0.091500594263887 0.544748373751651 12
2.8 0.328088529113527 0.215363143893812 12
2.9 0.320181722262372 0.39733002066113 12
3 0.362926413857927 0.279583142425673 12
3.1 0.407352146499869 0.427946518776268 12
3.2 0.260961018953418 0.282477896396055 12
3.3 0.183916008985396 0.327788444203412 12
3.4 0.389465924066378 0.237783209963992 12
3.5 0.566820335866133 0.0714972620054529 12
3.6 0.634378141626744 0.151595795267414 12
3.7 0.69085433456291 0.221744873414237 12
3.8 0.769071833640118 0.151336594780131 12
3.9 0.867096639489667 0.222616367904609 12
4 1.29762495011804 0.196548382192327 12
4.1 1.31794506739194 0.12160854058307 12
4.2 1.78679037921611 0.34320969832444 12
4.3 1.86030019002488 0.444831785223812 12
4.4 2.32868556471626 0.350993389294638 12
4.5 2.51317386579558 0.400327386425497 12
4.6 2.87795503633312 0.591140532986941 12
4.7 3.06375367294939 0.467963444989522 12
4.8 3.27988342631124 0.63270420533366 12
4.9 3.64971700198337 1.00721117466295 12
0 3.20601677425181 1.97172294552944 13
0.1 2.33009146215312 2.14659688792372 13
0.2 1.98024394296859 2.47557464525788 13
0.3 1.49044554693927 2.89462546538392 13
0.4 0.958771318455129 2.75275652003894 13
0.5 0.711389283759164 2.62786142557238 13
0.6 0.475525579508125 2.6699959949654 13
0.7 0.429904342853745 2.51965957715174 13
0.8 0.331033389440089 2.39625664349275 13
0.9 0.244233157640179 2.22771175230817 13
1 0.173228740335213 2.03271247818484 13
1.1 0.070593694385645 1.61414570994913 13
1.2 0.114589275871087 1.69266095191796 13
1.3 -0.0559630518454957 1.52530055350933 13
1.4 -0.057376847199765 1.44983704456115 13
1.5 0.0540504411063148 1.37724857874693 13
1.6 0.0703537648393293 1.02768289780727 13
1.7 0.0886559623545007 1.07292535349123 13
1.8 0.126673220715463 0.847322734976637 13
1.9 0.115794469301579 0.794253124154729 13
2 0.0778389778725145 0.615090673340243 13
2.1 0.0349464185059453 0.794274189879491 13
2.2 0.0383578225387269 0.509217322690004 13
2.3 0.157300336211188 0.690592521000045 13
2.4 0.153834319450452 0.533978275417785 13
2.5 0.119100678720657 0.564408181380791 13
2.6 0.0395982199334076 0.404417880560708 13
2.7 0.218310565958542 0.582502494528792 13
2.8 0.238660923447479 0.342678251316637 13
2.9 0.200668327042097 0.364844561799465 13
3 0.208366805274992 0.433864453544926 13
3.1 0.192939862991493 0.448409852470807 13
3.2 0.267566353369353 0.306581764902449 13
3.3 0.381440564923823 0.366495578100973 13
3.4 0.464828658261286 0.351945225723203 13
3.5 0.628057789213818 0.249002756657657 13
3.6 0.425036328991287 0.292996436110552 13
3.7 0.70520930992973 0.160157082093929 13
3.8 0.879523752810224 0.212111130246543 13
3.9 0.961934708714207 0.208191514028529 13
4 1.02157365077248 0.187241996325221 13
4.1 1.13030644722918 0.386308830767506 13
4.2 1.35926596453592 0.215419201281151 13
4.3 1.67049716236224 0.169063047748456 13
4.4 1.97360855814375 0.326751785720261 13
4.5 2.35621305316242 0.484665008680207 13
4.6 2.64008500849167 0.49160267219117 13
4.7 3.02290018298012 0.483897884981011 13
4.8 3.22587295379011 0.50371358096904 13
4.9 3.66135832429079 0.798450267562918 13
0 2.80224776202841 2.12961881602991 14
0.1 2.48368115555691 2.25255119820631 14
0.2 1.80564278886179 2.24133705252775 14
0.3 1.20908566781709 2.52832555306166 14
0.4 0.866704275137799 2.55844313896097 14
0.5 0.622522386379393 2.62358769020691 14
0.6 0.434085737291311 2.52351984486948 14
0.7 0.377379713110563 2.32834486248774 14
0.8 0.396839260306418 2.07586122366699 14
0.9 0.0857434740758316 2.16086474211729 14
1 0.029536390193659 2.0252942639965 14
1.1 0.311759636241021 1.85427914921652 14
1.2 0.261721657000697 1.68768894803101 14
1.3 0.0580176168960207 1.6107487521242 14
1.4 0.113477849454108 1.3420087933986 14
1.5 0.14668491787293 1.16773183338317 14
1.6 0.0464500577817748 1.19819398840303 14
1.7 -0.0802054433340967 0.979499999380937 14
1.8 0.210273649138256 0.948800635346459 14
1.9 0.192289117893101 0.81571957803463 14
2 0.249540985211047 0.74399011291578 14
2.1 -0.0585984623870658 0.578667649909363 14
2.2 0.105525841570018 0.704946481785697 14
2.3 0.190706632705604 0.480012927457213 14
2.4 0.0315093100175486 0.462042783412035 14
2.5 0.0627022714393676 0.370104013955139 14
2.6 0.172998527146107 0.424719169868976 14
2.7 0.175237754722321 0.484834673451983 14
2.8 0.0524434348495844 0.347604333056616 14
2.9 0.185091853689737 0.476953459053071 14
3 0.44418190607137 0.390302359257403 14
3.1 0.452999740151626 0.487626022361138 14
3.2 0.373043757072368 0.420793724358435 14
3.3 0.336634388693151 0.18575069691645 14
3.4 0.571875638638813 0.281760789610202 14
3.5 0.531893734713718 0.210422053355057 14
3.6 0.617948905880441 0.244143850504937 14
3.7 0.862218127130097 0.111490597893075 14
3.8 0.859818050349716 0.178891285396306 14
3.9 0.98037278861792 0.223714742229622 14
4 1.17934827861156 0.147813509476662 14
4.1 1.47162263105806 0.148321423095088 14
4.2 1.58184805184518 0.372864892445183 14
4.3 2.11677252864673 0.504609893219907 14
4.4 2.11826747601785 0.164965518846957 14
4.5 2.584603031195 0.341889903750006 14
4.6 2.73708138525844 0.415442937605514 14
4.7 3.14750265972871 0.609623823573214 14
4.8 3.44306009118223 0.662806100822214 14
4.9 3.76932587674151 0.915147965228075 14
0 2.85290595623282 2.08232850193056 15
0.1 2.10717945093409 2.35811968152667 15
0.2 1.73617082239916 2.6474596362531 15
0.3 1.24315610780431 2.73595442420959 15
0.4 0.898943723267575 2.88952024748898 15
0.5 0.765898546443643 2.73354262342905 15
0.6 0.497293380405512 2.49285101426323 15
0.7 0.320392464608753 2.38957346816208 15
0.8 0.284062093500396 2.06890731319732 15
0.9 0.0137090626340396 1.97408884204139 15
1 -0.0127689144678354 2.18243571765598 15
1.1 0.0487484053026708 1.81761557963615 15
1.2 -0.0549518830216922 1.61470169135652 15
1.3 -0.12707965449795 1.53027483516833 15
1.4 0.12445488655943 1.36568342946619 15
1.5 0.0510399357494857 1.36238951698612 15
1.6 0.24228994013142 1.07664355615686 15
1.7 0.301740787800156 0.880737042901707 15
1.8 0.153188402881905 0.81220522428123 15
1.9 0.16158649297836 0.814235962759364 15
2 0.142261669191853 0.871348389941737 15
2.1 0.202622442058031 0.665094389913486 15
2.2 -0.0397384423664637 0.630210618632445 15
2.3 0.0716401665197436 0.623298972908707 15
2.4 0.00494625481371773 0.56305153854191 15
2.5 0.218826955356554 0.444685162109006 15
2.6 0.0826618369903173 0.510093422223716 15
2.7 0.118390771170571 0.541620524843309 15
2.8 0.0504373879299108 0.509828593159836 15
2.9 0.00311191774316394 0.550101426270659 15
3 0.446981548813879 0.426583264375123 15
3.1 0.276384979670766 0.312969560820327 15
3.2 0.399408928844884 0.273947661133596 15
3.3 0.335915087353538 0.267746242224754 15
3.4 0.287649617091059 0.214962524690939 15
3.5 0.348250455731413 0.16707963528983 15
3.6 0.417909697450938 0.220523294842554 15
3.7 0.679094388090063 0.304841321459836 15
3.8 0.846137672154235 0.401998640666179 15
3.9 0.803397372396128 0.486865720601846 15
4 1.22824565494479 0.184815404502633 15
4.1 1.28295676898424 0.2323353202196 15
4.2 1.61719794225546 0.152005902729216 15
4.3 1.9007278302987 0.229190348640669 15
4.4 2.18434678917263 0.324047825891278 15
4.5 2.34794241906051 0.461376793917357 15
4.6 2.75325217565467 0.350372068504941 15
4.7 3.12934894559438 0.331507806249515 15
4.8 3.41265374603433 0.450407413792283 15
4.9 3.4640063912417 0.604204417389058 15
0 3.05000240390929 2.15889501289778 16
0.1 2.41051894403814 2.22944023779637 16
0.2 1.78539366496672 2.63081573270213 16
0.3 1.20281071179118 2.78701204583752 16
0.4 0.813180858009121 2.84094072540556 16
0.5 0.495328977925655 2.66962276461178 16
0.6 0.615095847992754 2.51645910995615 16
0.7 0.338975359028503 2.44178231495455 16
0.8 0.311578531667106 2.33829655707561 16
0.9 0.183395938029529 2.10192236827824 16
1 0.0937558578347863 1.98338475576062 16
1.1 0.0109590755692089 1.86383317683083 16
1.2 0.139553079038996 1.73359005907417 16
1.3 -0.143094701064214 1.38645001172529 16
1.4 0.0817475559771515 1.37139518193495 16
1.5 0.320177288636538 1.19630031037958 16
1.6 0.175202169398779 1.16804179035563 16
1.7 0.0674868564697483 0.84569791570692 16
1.8 0.0717295152043895 0.887926360104854 16
1.9 0.169668815839624 0.908354469156367 16
2 0.153649644096098 0.859845979880306 16
2.1 0.00166617618708485 0.697897113492211 16
2.2 0.152707368362774 0.570786450375069 16
2.3 0.000672604390985168 0.467751900871686 16
2.4 0.0215822141926049 0.574727418734097 16
2.5 0.268078104486581 0.415989223198224 16
2.6 0.293111049800207 0.525443125153263 16
2.7 0.211815746804433 0.472826983797279 16
2.8 0.146408787021933 0.261363560729984 16
2.9 0.0503791153536373 0.312980608576097 16
3 0.132717919422525 0.314028719099218 16
3.1 0.22062047246075 0.303652361147974 16
3.2 0.307656443450884 0.274920215195347 16
3.3 0.296790107191393 0.303394399271072 16
3.4 0.304831233831644 0.458262399564214 16
3.5 0.304061786610989 0.280804836935056 16
3.6 0.456041542494486 0.378020394455019 16
3.7 0.51319751195514 0.195270264790523 16
3.8 0.742752626989857 0.145233417978836 16
3.9 0.816865365213883 0.284534202651551 16
4 0.970687020198148 0.237639270513613 16
4.1 1.29194336844488 0.192099102058214 16
4.2 1.34288012802763 0.291700115257935 16
4.3 1.53094681655845 0.225788332282613 16
4.4 1.8662607771645 0.2903187736784 16
4.5 2.24281994405265 0.196094997272956 16
4.6 2.38096789829598 0.346221873463619 16
4.7 2.86555230964101 0.231239636599356 16
4.8 3.27505177322528 0.457981174596033 16
4.9 3.49191757170923 0.490162097969207 16
0 3.06349652297312 2.02949604328676 17
0.1 2.32718732358806 2.46627302695092 17
0.2 1.69957263884448 2.65195135250584 17
0.3 1.07693459033466 2.76989726523511 17
0.4 0.772976085471181 2.69212438667597 17
0.5 0.570779820234644 2.67438081385285 17
0.6 0.564677203817104 2.39206767681184 17
0.7 0.343248744348557 2.31433804492358 17
0.8 0.367243715647506 2.28230731480798 17
0.9 0.19356107141003 1.85360516519874 17
1 0.0509863185322312 2.00013809380361 17
1.1 0.221539552255986 1.90291879517574 17
1.2 0.069996587731272 1.71491565149016 17
1.3 0.0823981299903787 1.49607405497245 17
1.4 0.416368067884055 1.28275829315902 17
1.5 0.118435136887526 1.14013186214777 17
1.6 0.20953747625674 1.24504234606268 17
1.7 0.10563664270908 1.09416260654938 17
1.8 0.181647494152527 1.08951407119467 17
1.9 -0.0103392628608106 0.727431915701102 17
2 0.22290606652428 0.804138177933901 17
2.1 0.232521989025603 0.782144495064252 17
2.2 0.0628404991893381 0.648162605871449 17
2.3 0.160002436324217 0.479332184672366 17
2.4 0.316714651841993 0.612468158436504 17
2.5 0.204271621741707 0.42367404207766 17
2.6 0.0444005065446295 0.66535776938665 17
2.7 0.0967199262442457 0.454582805031991 17
2.8 0.204097250692824 0.320713893280518 17
2.9 0.195632906569429 0.257611175930269 17
3 0.139929196599006 0.248991886063874 17
3.1 0.336221050454915 0.336203865480423 17
3.2 0.152604315318316 0.312291306088171 17
3.3 0.376360628922152 0.329089322034739 17
3.4 0.443929308087489 0.320000105078982 17
3.5 0.490792963753283 0.208586673991102 17
3.6 0.804952205398757 0.16377620902069 17
3.7 0.615239178424085 0.189016726324029 17
3.8 0.587328504501602 0.0911685808177399 17
3.9 0.945365569173776 0.434760942395849 17
4 1.24411319170971 0.354910225916541 17
4.1 1.45857387781967 0.186641664854895 17
4.2 1.57711959710825 0.250461779022775 17
4.3 1.64275617754674 0.120344123604894 17
4.4 2.01967408143677 0.43908642046381 17
4.5 2.36250603121912 0.196211893816917 17
4.6 2.71325571443641 0.427547724475839 17
4.7 3.03443020895734 0.504538970942803 17
4.8 3.49767912200084 0.62053283263193 17
4.9 3.66478805832667 0.878337827647734 17
0 3.00871602823856 1.90112450425957 18
0.1 2.52592107830412 2.41398224434661 18
0.2 1.90776556278344 2.49659075020642 18
0.3 1.37002403531554 2.67616370701281 18
0.4 0.752148772779074 2.87832748756534 18
0.5 0.385946312201562 2.71786724863542 18
0.6 0.439819899980432 2.63413031146486 18
0.7 0.483105398458292 2.35822192634556 18
0.8 0.234340822055551 2.3051916003538 18
0.9 0.0701038651573176 2.08743980443491 18
1 0.318049105931719 2.0851228395252 18
1.1 0.252830671238549 1.76935211254675 18
1.2 0.236376516382613 1.66321853308658 18
1.3 0.108516873466077 1.49977142150983 18
1.4 0.281667771674418 1.2698517355664 18
1.5 -0.0519897165349725 1.18519394330792 18
1.6 0.0922081924497852 1.17388932120064 18
1.7 0.0728099949838983 1.06778015110986 18
1.8 -0.0233942383214647 0.952542089602194 18
1.9 0.141259447495405 0.960046235384511 18
2 0.211191688037681 0.796497269571433 18
2.1 0.279736166857968 0.779699313642243 18
2.2 0.084889981335628 0.557434953931834 18
2.3 0.17472300445299 0.684784657865504 18
2.4 0.205312296343046 0.546619637317783 18
2.5 0.156910735988897 0.500640791356431 18
2.6 0.155664425506503 0.518270511855996 18
2.7 -0.00405210357248242 0.561394477747555 18
2.8 0.291020049853301 0.347556817314874 18
2.9 0.0900737403890958 0.334940727270569 18
3 0.199811910983279 0.387359165061782 18
3.1 0.302940245175234 0.435804315438761 18
3.2 0.36991725412671 0.277282216899789 18
3.3 0.227661649097895 0.311170726042126 18
3.4 0.249563105128744 0.258226262465942 18
3.5 0.538018570169265 0.269960203318445 18
3.6 0.519787850417773 0.343378062258325 18
3.7 0.593965269635398 0.315131106054525 18
3.8 0.563678662737355 0.369555679587377 18
3.9 0.823914268299876 0.149388895692653 18
4 0.991174756486937 0.121517427457653 18
4.1 1.24150762559981 0.26260316584457 18
4.2 1.62008620303052 0.181793146788173 18
4.3 1.84283913984135 0.195586119284221 18
4.4 2.17023493167418 0.311911870049089 18
4.5 2.39314861207259 0.193868565632934 18
4.6 2.3965834369537 0.441162572027418 18
4.7 3.02137318095015 0.206437163207562 18
4.8 3.39725154828623 0.409950390667677 18
4.9 3.64697177389255 0.63051746722517 18
0 3.07848770074251 1.94939053291315 19
0.1 2.39404399676737 2.40662804120385 19
0.2 1.5392615177059 2.74417763291476 19
0.3 1.28219606189025 2.88443556111607 19
0.4 0.809038739941756 2.74675133954378 19
0.5 0.471017335673558 2.82723172883166 19
0.6 0.468388460516165 2.678806943442 19
0.7 0.231035142210996 2.34214516717078 19
0.8 0.102882649883815 2.18663519544462 19
0.9 0.185967302004075 2.0239380567608 19
1 0.0859801966092748 1.98222833402066 19
1.1 0.26747942674937 1.73040833831516 19
1.2 0.255518864835677 1.55398391189223 19
1.3 0.413298617504494 1.49857684078823 19
1.4 0.189117229931688 1.46043744352712 19
1.5 -0.0728825295522199 1.2741455247989 19
1.6 0.0929674483652177 1.06164945634957 19
1.7 0.0877746908830076 1.11893278354018 19
1.8 0.0526352054904446 0.873917206155555 19
1.9 0.150847593350102 0.743623670764699 19
2 0.102929611928128 0.838770954812224 19
2.1 0.121530149020256 0.666614325352006 19
2.2 -0.188934901912474 0.708992808296004 19
2.3 0.173989786472617 0.666431977987963 19
2.4 -0.119274308375151 0.610317177937644 19
2.5 0.0865411381110264 0.657045995097609 19
2.6 0.0876258026192668 0.471608963182227 19
2.7 0.41495789551879 0.5497335905486 19
2.8 0.137571662862526 0.500315967436955 19
2.9 0.330150935230837 0.425694423028448 19
3 0.184043400693025 0.277925315416832 19
3.1 0.272699126226261 0.0541786135831898 19
3.2 0.323315095540324 0.371384772454171 19
3.3 0.23120370900124 0.30934739408349 19
3.4 0.307990670952461 0.211904133335782 19
3.5 0.617156062331547 0.17989869243167 19
3.6 0.418971549608543 0.254195599457122 19
3.7 0.897448563830889 0.246751332078103 19
3.8 0.743157941785012 0.0627602121307308 19
3.9 0.97438436628363 0.29675918143489 19
4 0.930168135797629 0.107060261655431 19
4.1 1.36076048435884 0.189490922630066 19
4.2 1.66486002876985 0.31963212015895 19
4.3 1.85618712853599 0.159296925539112 19
4.4 1.92891429673497 0.168820874718333 19
4.5 2.41450468304737 0.414062934377064 19
4.6 2.73927274028384 0.299079718492534 19
4.7 2.98926154158253 0.552303457157359 19
4.8 3.45636190964123 0.496916801772296 19
4.9 3.54112060961567 0.773304445157802 19
0 2.77280423659415 1.79626619888972 20
0.1 2.34698001141695 2.43088488786012 20
0.2 1.88172398473279 2.47427147967499 20
0.3 1.14044505857568 2.5802598808265 20
0.4 1.00420830997306 2.71421277233761 20
0.5 0.575100987528886 2.73710324504891 20
0.6 0.447534531658545 2.43083951532298 20
0.7 0.491346554129153 2.5002086003739 20
0.8 0.212384960012782 2.19628547814572 20
0.9 0.308022065112272 2.13025086428807 20
1 0.149731257437902 1.84271432577926 20
1.1 0.207231351995074 1.81263819283317 20
1.2 0.0710888161625119 1.74299607669402 20
1.3 0.160822371215107 1.48082763426585 20
1.4 0.211827293707448 1.31731181207695 20
1.5 0.0225846741251654 1.21977486471346 20
1.6 0.207278719785899 0.963438598421398 20
1.7 0.0234119642439023 1.02371495839323 20
1.8 0.255700019519581 1.11386020041313 20
1.9 0.173749764699639 0.804591631748185 20
2 0.284974323082637 0.843714393298511 20
2.1 0.116147938489514 0.581832653442237 20
2.2 0.105101471413696 0.744952255034221 20
2.3 0.142824731502631 0.662112526071129 20
2.4 0.20710667787762 0.544030103265507 20
2.5 0.236551472307683 0.488468582986449 20
2.6 0.145870227941072 0.370484562361935 20
2.7 0.0168209758813775 0.430276361044128 20
2.8 0.30353250003806 0.347924222544342 20
2.9 0.275200899764985 0.283152841601829 20
3 0.214722060198873 0.466034099896068 20
3.1 0.190911434992809 0.284608261050524 20
3.2 0.443378074618693 0.267967118956906 20
3.3 0.339145558375775 0.0679945407932595 20
3.4 0.363702470331898 0.300164993322473 20
3.5 0.495535145350671 0.361511446685655 20
3.6 0.556709290567535 0.163028363478459 20
3.7 0.704174399780444 0.210206387907486 20
3.8 0.779744591177612 0.307651259773827 20
3.9 1.04494668339057 0.248559951436489 20
4 1.36613421675052 0.208368705423653 20
4.1 1.48880770945258 0.297706999859518 20
4.2 1.54616144481431 0.354731720181476 20
4.3 2.01663493198875 0.184000063268401 20
4.4 2.18364087657239 0.194885715977273 20
4.5 2.65309227143055 0.357856279284519 20
4.6 2.97493587933672 0.338418623284303 20
4.7 3.15913777044623 0.443075017205033 20
4.8 3.44586452571522 0.608549811787749 20
4.9 3.57193319248152 0.724981212796606 20
