"id" "time" "prey" "predator" "x" "y"
1 0 3.15913961666051 1.03090421687487 2.97215753957678 0.494445533720279
1 0.1 3.06606857778548 1.27499355526162 3.18948835715905 1.04472655740663
1 0.2 2.82402830056568 1.55059582380001 2.66669013795791 0.726911638565257
1 0.3 2.45951343517292 1.82874124801142 1.55222445309947 1.17309293421249
1 0.4 2.03198475912589 2.07183830481203 2.60632295881023 2.02077156375821
1 0.5 1.60914634575765 2.2483732898311 1.74478811245242 1.88991182421526
1 0.6 1.23994228878991 2.34453468935366 2.01220671218016 2.52404011241273
1 0.7 0.944574580965258 2.36476780630839 1.10342549037666 2.21699220200684
1 0.8 0.721235465917962 2.32428758458136 1.32822273588825 1.84141538067048
1 0.9 0.557724186807867 2.24100306577665 0.0595573786971087 2.069292921197
1 1 0.439814916595673 2.13075402781036 0.0787565450797758 2.05663983961401
1 1.1 0.355151767120367 2.00569564660349 -0.06904573181131 2.02831594152609
1 1.2 0.294266678734028 1.87441334451419 -0.579325673870205 2.68202256591167
1 1.3 0.250337329675463 1.74265018880345 0.2583186323364 1.34808622714556
1 1.4 0.218593288463776 1.61408373946883 0.79880282032136 1.94319404103924
1 1.5 0.195745182044909 1.49096078480022 0.87757031753986 1.31779882668032
1 1.6 0.179537034588044 1.37456412862057 0.234704021624179 2.14446084488074
1 1.7 0.168426350351149 1.26553781625898 0.516424069756256 1.4063950339381
1 1.8 0.161363252876229 1.16410984784662 0.211872939576272 1.15154889315677
1 1.9 0.157645124006272 1.07023860758773 0.912305226814289 1.31523675530702
1 2 0.156815605201281 0.983716064243889 0.201583403268196 0.904535023708291
1 2.1 0.158600717166914 0.90423304195859 0.842772777483643 0.788361505441224
1 2.2 0.162866681480593 0.831424159423525 0.757565883752844 0.300532906967706
1 2.3 0.169592880527723 0.764897986186032 0.458843404239981 0.131405720961055
1 2.4 0.178855792081287 0.704256935426072 -0.500926732774298 1.1461762309791
1 2.5 0.190820145605544 0.649110957366186 0.342508024851146 0.522941891718006
1 2.6 0.205736019415212 0.599086287950846 0.389232242537833 0.766874988221398
1 2.7 0.223940136873347 0.553831466956391 0.368988715049687 -0.0268568555637712
1 2.8 0.245860666313581 0.51302135839089 0.774999695208441 0.0683461381258804
1 2.9 0.272024915104782 0.476360028850702 0.356937909058452 -0.055022612531447
1 3 0.303069467246595 0.443583044593753 0.844724601425057 0.36731686414791
1 3.1 0.339752328478496 0.414459659614816 0.318958422902509 1.0396034659127
1 3.2 0.382966533878939 0.388795335283242 -0.567011791394613 -0.666942944752958
1 3.3 0.433754420308372 0.366435041998597 1.31826554540336 -0.185667140031933
1 3.4 0.493321314794777 0.347267873158603 0.238994590231058 0.878669056395621
1 3.5 0.563046652374982 0.331233650761534 -0.246029779794404 0.342235309260027
1 3.6 0.644489376544879 0.318332450626231 0.794109750204542 1.21368043084091
1 3.7 0.739382679001955 0.308638364479957 0.911427616616635 -0.342373802287741
1 3.8 0.84961038082838 0.302319411613826 1.51063571770274 0.370547225441695
1 3.9 0.977153065315439 0.299666410748049 0.611996583648429 0.476081947807731
1 4 1.12398575500698 0.30113495451368 0.561488373961953 0.252891019949456
1 4.1 1.29189956091405 0.307406547480204 1.29492881602176 0.294104414953784
1 4.2 1.48220627510319 0.319477574684276 1.4169256699604 1.08532136419085
1 4.3 1.69526669904175 0.338787864487324 0.962104304457342 0.53226478181096
1 4.4 1.9297621083635 0.36740301272695 3.11498386328149 0.349671922092816
1 4.5 2.18161195383487 0.408262428859319 1.61752696680861 0.674737596067541
1 4.6 2.44245580994711 0.465487693825072 2.30800945982792 0.436629389211345
1 4.7 2.6977239143585 0.544691985540365 2.42517876279754 0.88265511938927
1 4.8 2.92468547018869 0.65307496999629 2.68341040116367 1.08908243939275
1 4.9 3.09159497921204 0.798838063970964 2.86859889309616 1.63235018374991
2 0 2.87294235016075 1.15231003153689 3.91974122702025 1.27263967213827
2 0.1 2.72482294237117 1.38079373952988 2.5262066066752 1.01329098311419
2 0.2 2.46507734025146 1.6208976022209 2.86286789007084 1.93941763781168
2 0.3 2.1276844212923 1.84608829994865 2.29651759528567 1.81060560779938
2 0.4 1.76230310007266 2.02909176322194 2.31335687949055 2.25642758009875
2 0.5 1.41548267011617 2.15150629494489 1.55403536412774 2.24009525306416
2 0.6 1.11673230369076 2.20849146715065 1.28471357848397 1.26508865804355
2 0.7 0.876346957799597 2.20665021519212 1.48252212592103 2.3924804947602
2 0.8 0.691309398489678 2.15853667846047 0.544445476783143 2.50562363325358
2 0.9 0.552537766411797 2.07773951169405 1.14942349157182 1.59283570583998
2 1 0.449831911392049 1.97612631417371 0.237443220959778 1.97391075169462
2 1.1 0.374218187677986 1.86292461930131 0.452244407214682 1.82907089033966
2 1.2 0.318628885571174 1.74481336831084 0.316727555530156 1.41392771999049
2 1.3 0.277807843010237 1.62639223558575 0.749992942675948 1.40923672426272
2 1.4 0.24796418334869 1.5107013227531 0.139868472841671 1.36004251428688
2 1.5 0.226407558885098 1.39966430494249 0.696009584924161 1.25799321072038
2 1.6 0.211247548202783 1.29442696530395 0.196139928253881 1.77378155477899
2 1.7 0.201167334668331 1.19560319935553 0.914336823233933 1.62967231212329
2 1.8 0.195262134739942 1.10344873899878 -0.771437168627414 1.17511416789298
2 1.9 0.192926562025074 1.01798198605383 -0.411320622867856 0.870568914124753
2 2 0.193777652464061 0.939067544477975 -0.121797344073649 1.39478742042296
2 2.1 0.197602956094068 0.866474140078613 1.1210710480057 0.0674543719448452
2 2.2 0.204326359177565 0.799914351910613 -0.165871912122902 0.618130242469811
2 2.3 0.213986348843494 0.739072077698823 1.11208422734652 1.0050243766818
2 2.4 0.226723193749941 0.683621563129025 0.0904224600916255 0.578053471704447
2 2.5 0.242772651789958 0.633240626735151 0.61428724591442 0.476858207110526
2 2.6 0.262464583757917 0.587619950700195 0.0621658887980162 0.563425232129126
2 2.7 0.286225327431482 0.546469757577428 0.392698078558376 0.685891292076097
2 2.8 0.314582980488174 0.509524843480645 0.330532828062839 0.797831455522361
2 2.9 0.348174866679566 0.47654871011489 -0.388532209791458 0.504901212301128
2 3 0.387756448360594 0.447337406637138 1.01203993904476 0.355850080600871
2 3.1 0.434210750631762 0.421723645816162 -0.0187401232240131 0.810113384477513
2 3.2 0.488557129373154 0.399581724589221 0.495824723351745 0.176734828645114
2 3.3 0.551957390090298 0.380833961793736 0.868750720858209 0.202432211664656
2 3.4 0.625716623953352 0.365459416165638 0.953016715330868 0.251890347540901
2 3.5 0.711274507606066 0.35350598973143 1.39415833272077 0.632778977921651
2 3.6 0.810180753382527 0.345107408757097 1.18822882590705 -0.333571782351348
2 3.7 0.924045303841595 0.340507186707497 0.554727770055767 0.799520077961106
2 3.8 1.05444929509502 0.340092535337601 -0.28234332340771 0.454412628703726
2 3.9 1.20279637696544 0.344442358209015 0.782770811704246 1.16635561085762
2 4 1.37007530436554 0.354394886228708 2.11371759154484 1.66128196890021
2 4.1 1.55649586296367 0.371141556393779 1.76088135120287 -0.125342441872702
2 4.2 1.76093379703793 0.396356989696556 2.54178990757786 -0.304670513598085
2 4.3 1.98015363754403 0.432364057643761 1.73762042751184 0.712036642644777
2 4.4 2.20773836499214 0.482330689048979 1.69895572488873 1.11331977494947
2 4.5 2.43277900191295 0.550449042767057 3.04515790635649 0.893831616084979
2 4.6 2.63855697040111 0.641971990525633 1.85793729082227 0.803278013294973
2 4.7 2.80188426830597 0.762826079225616 3.46338224219248 1.28174368164779
2 4.8 2.894429434218 0.91833101454069 3.11102406412257 1.60119335947462
2 4.9 2.88781294882354 1.11053577072262 2.94623198124087 2.06377401790687
3 0 3.13506989795966 1.05978505498218 3.07879648537173 0.901555371158202
3 0.1 3.02428862699477 1.30639032839709 3.68190991097711 0.792855706455588
3 0.2 2.76819361150894 1.58096432036907 2.92344713134949 1.87366488743847
3 0.3 2.39745613046587 1.85345692824563 2.28788444830378 1.61383748364497
3 0.4 1.97273572365559 2.08699679619348 1.91218246454862 2.21701326182105
3 0.5 1.55923131866726 2.2524086185997 2.33901849176181 2.63790656038343
3 0.6 1.20176889968697 2.33841281086132 0.633797883674499 1.73858823732351
3 0.7 0.917363534905959 2.35093226170898 0.188139614175526 2.34362023862132
3 0.8 0.702780206744328 2.30546581590354 0.460063980603052 2.93765496863776
3 0.9 0.545665717337914 2.21950817085545 1.47483714354048 2.1571232184757
3 1 0.432210666021608 2.10827340925025 0.0170074147231873 1.54533792410632
3 1.1 0.350583195225513 1.98334717514086 0.41113182446685 1.5931443014641
3 1.2 0.291759879849151 1.85288580805817 0.00172779366341624 1.87396543320206
3 1.3 0.249245205359349 1.72233486287413 0.505759052350385 2.12017373007788
3 1.4 0.218494633580493 1.5951772938601 -0.100389311180007 0.835162193361062
3 1.5 0.196369994974965 1.47353691581851 0.153049305796812 1.10430666955692
3 1.6 0.180711864363802 1.3586243361965 0.60926043678716 1.56921359060411
3 1.7 0.170044953600944 1.25103805586409 -0.327642910426311 1.43849359576924
3 1.8 0.163365014313761 1.15098039179288 -0.232067682624411 1.45434048735082
3 1.9 0.16000006758096 1.05839814034388 0.935141688963881 0.838410234463032
3 2 0.159516386943032 0.973078526548914 0.360624183682447 0.828572917625832
3 2.1 0.161657780477176 0.894712239195473 0.599069250947917 0.676501223702779
3 2.2 0.16630511477334 0.822936856058137 0.19418474708009 0.132266938331772
3 2.3 0.173450895715659 0.757365626640703 -0.535219048315072 0.230883418065716
3 2.4 0.183184091985399 0.697606764140509 0.608712466337796 0.805401037841273
3 2.5 0.195682047149579 0.643276579654439 0.964790358805052 1.17255727859576
3 2.6 0.211208214194706 0.594007918905092 -0.0135618256587576 0.444987306559122
3 2.7 0.230113849300811 0.549456076671651 -0.486004891113428 0.571339957995977
3 2.8 0.252843141782729 0.50930277474674 0.554427125141146 0.420638825143033
3 2.9 0.279941182004859 0.473259054123841 0.783715386585406 0.707235995146355
3 3 0.312064245135869 0.441067655683945 0.210956929311233 0.296096824737829
3 3.1 0.349992073887521 0.4125053379569 -0.0194981692388526 0.0485971160261476
3 3.2 0.394641348772789 0.387385617567924 0.63338671225479 0.836777994580386
3 3.3 0.447079520593537 0.365562373060531 1.12656543735081 -0.471398156885148
3 3.4 0.508537709445011 0.346934868000764 0.901570781692808 0.673254325158805
3 3.5 0.580420398669617 0.33145492456257 -0.00245022017760121 0.453740337993572
3 3.6 0.664308419203932 0.319137247875886 1.44435747918064 1.11112898542715
3 3.7 0.761949817421131 0.310074312454461 0.413693753079523 0.516549349218904
3 3.8 0.8752301805171 0.3044578679191 1.2264093695335 0.455488941064495
3 3.9 1.00610945883529 0.302610082501847 1.20308622052572 0.746372362243368
3 4 1.15650554257988 0.305028756321786 1.30657267315829 1.21913893554688
3 4.1 1.32809487897155 0.312453040504924 0.584098383582547 -0.0376182363153625
3 4.2 1.52198630909584 0.32595874240214 1.73049410254061 0.991835508549743
3 4.3 1.73820578860678 0.347095225113117 2.30903258767572 -0.439443916344687
3 4.4 1.97490930455934 0.37807752002684 2.23218634769132 0.944932840949175
3 4.5 2.22723009926084 0.4220426648073 2.27649171124754 0.192934315332152
3 4.6 2.48569629361474 0.483355863499426 2.82175726086318 0.439694176156475
3 4.7 2.73429439444042 0.567886146809795 2.7242234507735 -0.0303732447343102
3 4.8 2.94869989340351 0.68298794538819 2.91790573849361 0.987504944638109
3 4.9 3.09598188654502 0.836666208049486 3.85501216727868 1.08744892084013
4 0 3.08911614877359 0.840205225780415 3.80810851850979 1.69380032623878
4 0.1 3.12918641504815 1.03855341580925 3.25466424716113 1.13806955138241
4 0.2 3.03295465281583 1.28037974765278 2.98875414013286 1.77357778649711
4 0.3 2.79155720479664 1.55199219618923 2.6670195493103 1.30884015982516
4 0.4 2.43181373522762 1.82482951407524 2.24581455373166 2.3217710793044
4 0.5 2.01180160943899 2.06243027014606 1.88080200255337 1.10681426467306
4 0.6 1.5969170417396 2.23454817841748 1.5571895672793 2.16261885818218
4 0.7 1.23429181292076 2.32807387406882 1.28670715256594 2.7229786715938
4 0.8 0.943477681274292 2.3474142644321 0.504569450735428 2.21087519160997
4 0.9 0.722886044212089 2.30732583029464 0.734852090241116 1.88453744718349
4 1 0.56083939017327 2.22519861168912 1.05292712519878 1.98341120544864
4 1.1 0.443604418363539 2.11646904239961 0.406135463028506 1.88259313728842
4 1.2 0.359177606882436 1.9930332324734 0.317694948349933 2.12067199496754
4 1.3 0.298309051276189 1.86333358586294 1.15727385058046 1.82680472518756
4 1.4 0.254300819399125 1.73304364603283 -0.273700146070542 1.90214356056628
4 1.5 0.222450850409823 1.60581384999796 0.330916161277224 1.16693904572127
4 1.6 0.199504834687504 1.48388665770433 0.353112347848323 1.516992260972
4 1.7 0.183224872472846 1.3685511352625 -0.267432411188133 1.76650918978578
4 1.8 0.172075578317581 1.26046459458519 -0.310249799253131 1.59144054932746
4 1.9 0.165012658554099 1.15986616964601 0.389041234548796 1.20955585328451
4 2 0.161335219397142 1.06672812943608 0.122896289282523 0.786497050715106
4 2.1 0.160588340831454 0.980855018846648 -0.570552076498468 1.49257656737031
4 2.2 0.162499769445111 0.901948746341435 0.330898920766641 0.288025027039296
4 2.3 0.166938092432392 0.829654062715889 0.613631125143584 0.765403029995504
4 2.4 0.173885828218461 0.763588479380738 0.445382786527711 1.09131684471845
4 2.5 0.183423506437849 0.703362465031971 0.466424079345797 1.50088947955526
4 2.6 0.19572093468708 0.648593185781083 0.455339332581803 0.426242302995315
4 2.7 0.211034361577278 0.598913422899896 0.56464227543896 0.228589053703861
4 2.8 0.229707813918018 0.553977742646647 -0.530285963275447 -0.387061945838116
4 2.9 0.252177923817005 0.513466659837708 0.596765207345147 1.23164377922137
4 3 0.278981611868477 0.477089669338126 0.414818353017129 1.2854347108385
4 3.1 0.310766154012801 0.444587703938948 0.731218931643299 0.540474139327296
4 3.2 0.348301159795676 0.415735503945238 0.195887172484731 0.148325316573454
4 3.3 0.392491862608446 0.390344350011069 0.0408030689413502 0.163083774099641
4 3.4 0.444392845220075 0.368265626766104 0.959905277009474 -0.00156196491432992
4 3.5 0.505220836172753 0.349395770940701 0.569655930098825 0.0495947823647302
4 3.6 0.576364422686927 0.333683316066786 0.877991840591906 -0.560263011353678
4 3.7 0.659387289692571 0.321139008128254 1.52159033963701 -0.0216056542687508
4 3.8 0.756019689600445 0.311850375029162 0.360768524555095 -0.268297012298266
4 3.9 0.868129939437415 0.306002754670546 1.26742877880683 1.40128959091814
4 4 0.997663338987449 0.303909718450505 1.05776292597312 0.215215461861214
4 4.1 1.14652931157782 0.306057196581045 1.89837600917727 0.585776493105026
4 4.2 1.31640788937945 0.313167555088451 1.69347844881315 -0.043241942202113
4 4.3 1.50843295958218 0.326292442465714 1.35991834716151 0.109606555221747
4 4.4 1.72269165428884 0.346946088347365 1.86004100429981 0.886058296839445
4 4.5 1.95745926723133 0.377292395265341 2.79829699187362 0.73410589783654
4 4.6 2.2080774019011 0.420395002809416 1.41299164823515 0.400248546185149
4 4.7 2.46540970492303 0.480517737110862 2.20180271752793 0.840557419510929
4 4.8 2.71394363947277 0.563398781688615 2.50354652567531 1.07036190655262
4 4.9 2.93000541553827 0.676258323208414 2.71326032612616 0.882815182436924
5 0 3.04154391130203 0.925455386557681 3.33373555884654 1.63605519511682
5 0.1 3.02518963997684 1.13533502438589 2.08842566025515 0.662943879115877
5 0.2 2.87425567874973 1.38133413398655 2.1921443904792 1.33248789415673
5 0.3 2.5941673439863 1.64450255055337 2.8882517646738 1.76154321807349
5 0.4 2.22304244308016 1.89426121046125 1.70808993511073 1.94732346786819
5 0.5 1.81966010172377 2.09798877939807 1.31134657349456 1.85266698261213
5 0.6 1.43946299789227 2.23347835522758 1.47211569768698 0.723235428028757
5 0.7 1.11651537343548 2.2951701719156 0.972310050958529 3.33406720956022
5 0.8 0.861211657548389 2.29133722876338 1.7673207599056 1.52599829009041
5 0.9 0.668340486880245 2.23700483943635 -0.0645460584150136 2.60757702343109
5 1 0.526285885531689 2.14791747992796 0.820851777471728 2.40359838158921
5 1.1 0.422862393473875 2.03741317019645 0.432281269490095 2.78332217674186
5 1.2 0.347798921541775 1.91556811942621 -0.598290933565465 1.66669851776769
5 1.3 0.293269149639253 1.78947799946591 0.0416406187086352 1.24131975582889
5 1.4 0.253607264590567 1.66389873809437 0.227874486459375 1.96990869239892
5 1.5 0.224816234609325 1.54188791847392 0.427271657441529 1.30734835109721
5 1.6 0.204112602766695 1.42531741045359 0.241029374214653 1.4863635269625
5 1.7 0.189564785457585 1.31525840860927 0.809639882232001 1.88648481912486
5 1.8 0.179846214307691 1.21223721413604 -0.213379867557937 1.00008730641771
5 1.9 0.174052553087469 1.1164260485089 1.45899633537801 1.34094499768278
5 2 0.171581393446167 1.02776667331433 0.596938312645247 0.953356151005087
5 2.1 0.172050889611371 0.946055741510758 0.656199399406372 1.28369350954209
5 2.2 0.175246492793811 0.871001796862201 -0.00039320039215987 1.35099248255062
5 2.3 0.181085557988568 0.802264676825206 0.853106455583264 0.77790505016585
5 2.4 0.18959524870958 0.73948197178314 -0.236765199056016 1.76941460306941
5 2.5 0.200899632114418 0.682287034644982 0.64934579377534 -0.422288765394685
5 2.6 0.215213222068757 0.630321362415057 0.119491545817099 0.683090807246818
5 2.7 0.232840085843882 0.583242623957688 0.530735820721783 0.886382922747265
5 2.8 0.254176364812069 0.540730619137883 0.591060774863086 0.426468119392095
5 2.9 0.279716128239624 0.502491366255533 0.822694938250674 0.724246127023417
5 3 0.310059730558087 0.468260333324204 0.633668889347141 0.26810500888409
5 3.1 0.345924147523591 0.437805303014989 -0.0861206686897356 0.549317407653297
5 3.2 0.388154779435713 0.410929364992422 0.762872470518123 0.289174741634566
5 3.3 0.437737601167144 0.387474567882692 1.56316668943235 1.43082721749246
5 3.4 0.495810538823028 0.367326735081025 1.2805516106462 0.0234543121852245
5 3.5 0.563672115983826 0.350422123030309 0.461813669079359 1.11273286660347
5 3.6 0.642784190137061 0.336756829871368 1.09257935916545 0.721904801167692
5 3.7 0.734763999999119 0.326400204114659 0.492044535345597 0.499945488455017
5 3.8 0.841358214333859 0.319514023748657 1.16179984341223 1.27657224880709
5 3.9 0.964387798605238 0.316380015954888 1.20204329057653 0.727335984118653
5 4 1.10564683572004 0.317439435774136 0.414442937471692 -0.485712984614459
5 4.1 1.26673017455301 0.32335003209445 0.980624447755455 -0.649618216030822
5 4.2 1.44875320513202 0.335067819858531 1.61998383416474 0.747838800544018
5 4.3 1.65191199467775 0.353963357092139 1.78585878968095 0.110703576374956
5 4.4 1.87481542202246 0.381983461447596 2.47211444776418 0.838492916981589
5 4.5 2.1135109834744 0.421865846430977 2.18169495159236 -0.290300618872098
5 4.6 2.36014599651989 0.477396832602806 3.01206801921974 0.562183403142513
5 4.7 2.60130987897055 0.553651796194275 1.97363840063334 0.563720046943669
5 4.8 2.81639751759988 0.657038701451089 3.88558595673479 0.785641148984312
5 4.9 2.97698907432455 0.794730049880082 3.46008926341923 0.874402857590728
6 0 2.84469216958537 0.817539230107673 3.65495285470287 -0.0110513382358086
6 0.1 2.90269487240278 0.986800586193454 2.08788133068648 0.987014650034435
6 0.2 2.85289304648023 1.1918069814678 3.26754975631327 1.38934557401312
6 0.3 2.68343607529674 1.42372180838592 2.44539549690051 1.30221118586034
6 0.4 2.40690327691159 1.66289393600664 1.89258336202361 1.92918717660533
6 0.5 2.06117995707313 1.88199944744936 2.06818341350413 1.39399273733861
6 0.6 1.69664681323657 2.05479402332092 1.57269110025298 2.17511906975756
6 0.7 1.35737756646746 2.1652291541509 1.13059103550886 1.80600423804066
6 0.8 1.06920146146756 2.2108439327527 1.54065874771973 2.01701764294962
6 0.9 0.839466963463122 2.1997149536893 0.791368083177028 2.48317935409612
6 1 0.663609104516346 2.14485102165213 0.22914980222201 2.63332498236828
6 1.1 0.53210465238463 2.05963677308298 0.00533974329230136 2.24115850023051
6 1.2 0.434889948961772 1.95547395944666 0.256406888103358 2.13535654001802
6 1.3 0.363334287260646 1.84109601432929 0.527886925775297 0.90781349511655
6 1.4 0.31072516894792 1.72276401768262 -0.27524476896486 1.27673474525879
6 1.5 0.272103953921248 1.60475743690459 0.707476627491775 1.30188032580408
6 1.6 0.243906831327654 1.48988463546415 0.0910670261646143 1.36642360178209
6 1.7 0.223610121058636 1.37990684066675 0.302133293124328 1.10317340490195
6 1.8 0.209439363013241 1.27586308835875 1.28976241068618 1.30133978098073
6 1.9 0.200162676381141 1.17829211650064 0.657675517308002 0.646203860189971
6 2 0.194936518340566 1.0874002654651 0.353042249322515 1.66327994564808
6 2.1 0.193200479275304 1.00317397628125 -0.288640130787188 1.56236733302868
6 2.2 0.194605203134266 0.925458369485829 -0.125505100368444 2.43366132671684
6 2.3 0.198965006270048 0.854010327353214 0.859406276547105 0.669792311441437
6 2.4 0.20622582885537 0.788536306604042 0.098299437212878 0.158292759768181
6 2.5 0.216445408482187 0.72871794502894 1.07214145154906 0.329601951621962
6 2.6 0.229781780094982 0.674229888409135 -0.270968466399742 1.17104776931433
6 2.7 0.246487962961789 0.624752225338106 0.0110559923210121 1.06252801591003
6 2.8 0.26691125383641 0.57997926488399 -0.199688000235604 0.624688574574843
6 2.9 0.291496296813381 0.539625771707635 -0.476253570082997 0.304798082677379
6 3 0.320790725221084 0.5034318740568 -0.0406317311591873 1.11747522778138
6 3.1 0.355452940083528 0.471167092941303 0.903510947792783 0.841915538980433
6 3.2 0.396261159049276 0.442634211958267 0.807749008815354 -0.07403869021257
6 3.3 0.444122791472694 0.417673508442398 1.12398414256687 -0.00614266601422014
6 3.4 0.500082791866943 0.39616793111435 0.563845406273811 1.53204564693057
6 3.5 0.565328995833116 0.378049898285847 0.638844968394067 0.769187643081444
6 3.6 0.641191437337069 0.363310572724163 0.723564297162862 0.72027493380088
6 3.7 0.729131118013598 0.352012762759316 0.779515490677559 0.240294270413705
6 3.8 0.830711420340555 0.344309043373627 1.2786588169634 -0.0682741422867921
6 3.9 0.947542002879403 0.340467340089349 0.110616749472155 0.291829840853952
6 4 1.08118016181295 0.340907133513888 0.583261857118922 0.0200971547945905
6 4.1 1.23296779912582 0.346250664965126 1.00925592507975 -0.232831205303253
6 4.2 1.40377377222505 0.357394827260195 1.47333408163234 0.312185284341551
6 4.3 1.59359671541887 0.375611496658126 1.43162721023688 1.26666882518164
6 4.4 1.80097609406189 0.402683068897232 1.9674161420007 0.53526294001051
6 4.5 2.02215881184035 0.441075294820824 2.39974402969073 0.283217688851987
6 4.6 2.24998107446858 0.494134490884378 2.38676350672154 0.51556407685791
6 4.7 2.47253500075856 0.566251487689653 2.40964421433031 1.44211756531251
6 4.8 2.67190664310831 0.662846384629525 2.46124657659755 1.1931392324342
6 4.9 2.82378755586961 0.789845502599 3.64265943689377 0.935048124218863
7 0 3.07083155182116 0.958355773709178 2.66781536317876 0.703935455068676
7 0.1 3.03136540383485 1.17784447720665 2.24577904523277 1.55265178064471
7 0.2 2.85327374949303 1.43201100080376 2.58502826624114 1.87196005233317
7 0.3 2.54803391565906 1.69904495761804 2.62645996073791 2.05342923660916
7 0.4 2.16012343686794 1.94626993876577 1.47129618400437 1.92549636834995
7 0.5 1.75123552603876 2.14128142655709 2.2807192640284 1.7050521241212
7 0.6 1.37505340157079 2.26433397396612 1.99373694793315 1.95750908664895
7 0.7 1.06139410611429 2.31295357948933 1.59392860351772 2.41975839956514
7 0.8 0.816756797392837 2.29762438981869 0.607783374348821 1.32689171597138
7 0.9 0.633640149171142 2.23431251442004 0.587993957332293 2.96627470440608
7 1 0.499571752142029 2.13878790681803 1.15615276034268 1.76109861717194
7 1.1 0.402317104378824 2.02399366610344 1.08954177946024 2.22495448520593
7 1.2 0.331885639649074 1.89950678203479 0.563046592514754 1.00812416348722
7 1.3 0.280796399456611 1.77197229392072 0.579661368606578 0.771599863541003
7 1.4 0.2436905468514 1.64578829221745 1.27110828143779 1.20859169406
7 1.5 0.216811805343722 1.52374615792938 0.540444403901326 2.3022770930264
7 1.6 0.197554753817652 1.40752692261255 -0.744315898556629 1.57672008548409
7 1.7 0.184117813563682 1.29806539413992 0.707403815081613 1.47588676826698
7 1.8 0.17526732505035 1.19579340638784 1.27101109975639 1.28760278924322
7 1.9 0.170165977496129 1.10081713341886 -0.0580863004926042 1.35114318724231
7 2 0.168259783187296 1.01303309718039 -0.165723837288731 0.953530282482266
7 2.1 0.169203077101236 0.93220656193059 0.377250380950118 1.40063212359768
7 2.2 0.172808670197028 0.858024920811522 0.255081861351716 0.141369718732896
7 2.3 0.179015324831084 0.790133994154611 -0.120010263997391 0.462298204603107
7 2.4 0.187867679417464 0.728162390393251 0.567312828941068 -0.875542459540911
7 2.5 0.199504714117292 0.671738110742501 1.15969853163538 0.992340066983939
7 2.6 0.214154559368412 0.620499708941089 0.247947914592603 0.453520690957797
7 2.7 0.232134259568145 0.574103791368933 0.284657714539806 0.534901316454655
7 2.8 0.253853051504841 0.532230360897441 0.827953983762485 0.796883614459308
7 2.9 0.279818797035163 0.494586563863984 0.262048160253396 0.772885479649405
7 3 0.310646860043738 0.46090967179016 0.665788429057845 1.51723685880711
7 3.1 0.347070978133027 0.430969780491441 0.609128640611213 0.575978855455283
7 3.2 0.389955490413005 0.404572728672382 0.316725227143204 0.473614676403079
7 3.3 0.440307922263541 0.381563728890965 0.553658604207555 -0.21153059005714
7 3.4 0.499290758017683 0.36183223189898 0.826872126778841 0.518417812108737
7 3.5 0.568230340196222 0.345318718230074 0.419766694356316 0.569738861095109
7 3.6 0.64861963765515 0.332024348590564 0.664069295164005 0.597069459941119
7 3.7 0.742109944928177 0.322024761747028 1.18067761029683 1.11773717752135
7 3.8 0.850483906856476 0.315489865190514 1.12755579299589 -0.0997132620201332
7 3.9 0.975598225269938 0.312712302671547 1.65399079263364 0.187587122702241
7 4 1.11927844494753 0.31414849773608 1.23701331530383 0.945948180050974
7 4.1 1.28313952290124 0.320477879448144 1.37099749249687 0.511366167955964
7 4.2 1.46829368106566 0.332688121925771 1.53791121042878 0.385497379598401
7 4.3 1.67489113000033 0.352196662839785 1.48298106483227 0.256787933136109
7 4.4 1.90142174954003 0.381020081693401 1.72736887026177 0.638177236692465
7 4.5 2.14369558476715 0.421999161760273 2.28555486307707 0.66239955316365
7 4.6 2.39344254413921 0.479068627328774 2.2953911730183 0.109729748734696
7 4.7 2.63658324104808 0.557506826972303 2.78026861761687 1.08341172564514
7 4.8 2.85156179462731 0.66396175964777 1.92037814089058 0.709520847613247
7 4.9 3.00879073142127 0.805823480319253 2.2325773830429 1.5103889683449
8 0 3.20435396827031 1.08295123017389 2.45975065569901 1.34331163629291
8 0.1 3.07279648185427 1.34294253832392 3.32480442946139 0.966832145933335
8 0.2 2.78830284081679 1.63084964593061 1.80471379673926 2.35886211943894
8 0.3 2.38838826954753 1.91293943667199 2.20491333199154 1.68090004347557
8 0.4 1.9412302067034 2.14943289256514 1.55941546790417 1.96878685708967
8 0.5 1.51573172913526 2.31090535966938 1.08936019736603 3.40779101922122
8 0.6 1.15559223540587 2.38825648859336 1.73851076851894 2.47497322232863
8 0.7 0.874274125147568 2.39027253359197 0.620810316026333 2.57234079549196
8 0.8 0.665211240658399 2.33458846570434 0.868061943044299 2.43622554024585
8 0.9 0.513965126405292 2.23977941698072 -0.0864895222450514 1.68224315368254
8 1 0.405756834857214 2.12136636408612 0.319002332459847 1.8376422667365
8 1.1 0.328456481082021 1.99083865102682 -0.135282673968344 1.56830024736894
8 1.2 0.273058429895409 1.85610467628374 0.748072720587646 1.89953176433422
8 1.3 0.233197241257262 1.72234172509328 -0.566977168252875 1.53966896642033
8 1.4 0.204479082452975 1.59279315056405 0.406150817014819 2.93078520727448
8 1.5 0.183894239603458 1.46939363604654 -0.0310548386605184 1.29880936310255
8 1.6 0.169394165530284 1.35319709404351 0.535050281181854 1.67817460774257
8 1.7 0.159583995634443 1.24468722564092 -0.0486447626699339 0.50638817284485
8 1.8 0.153520547772371 1.14397744624758 0.495958959875981 0.805526986779868
8 1.9 0.150576343476419 1.05094706980855 -0.258145706546144 0.711370848618548
8 2 0.1503498077198 0.965331614092051 -0.661546386965316 1.70528353282095
8 2.1 0.152607401400655 0.886782142847236 0.535823881288672 0.871245261600234
8 2.2 0.15724549261966 0.814905538638799 0.364975825984963 0.742990846675377
8 2.3 0.164266492963547 0.749291119262859 0.82396073208926 0.707135168151903
8 2.4 0.173764879874218 0.689528294169863 1.37957352556258 1.15007257756872
8 2.5 0.185920027236167 0.63521833860083 0.505366843942664 1.49737480239226
8 2.6 0.200994692914765 0.585981838601271 -0.28531295599528 0.992204198779012
8 2.7 0.219337149899372 0.541463913376434 0.451828777216577 1.08439540453107
8 2.8 0.2413868277051 0.501337541918221 0.643876157804452 0.898451898084335
8 2.9 0.267682735036824 0.465305958985064 1.02514965988025 -0.000843929962090428
8 3 0.298874320099044 0.43310457854181 -0.514010278502063 0.195274886324614
8 3.1 0.335734468004665 0.404502888681342 0.453700499074952 0.583130454336659
8 3.2 0.379173886823833 0.379306773044068 0.355788295909963 0.579569252183326
8 3.3 0.43025632683119 0.357361645234136 0.563412186632389 1.60668786521519
8 3.4 0.490213443688064 0.338556923650104 -0.170333394249774 0.0692107530927134
8 3.5 0.560457269066041 0.322832535402475 -0.0380077053364706 -0.230284538444686
8 3.6 0.642587178650583 0.310188383335597 0.676555398438738 -0.145136619753882
8 3.7 0.738386442716371 0.300698104186844 1.403665768292 0.253088878310516
8 3.8 0.849800601006557 0.294529071455653 0.736810047010376 0.896014808607595
8 3.9 0.978885611919925 0.291971532287611 0.778833617452229 0.00150370733839356
8 4 1.12770719268297 0.293481171420809 1.05112013053032 0.649478874177411
8 4.1 1.29816298371574 0.299741444329651 0.723658404929636 0.769682181635918
8 4.2 1.49168493309954 0.311754865590388 2.07234616543699 1.18480986299624
8 4.3 1.70875969486301 0.330975953955719 2.30785487700568 0.279244110391699
8 4.4 1.94818097543633 0.359501634116748 1.60297995579038 1.19963185125008
8 4.5 2.20592755569938 0.400333701272357 2.45326998360981 1.88031092326452
8 4.6 2.47357061727492 0.457711585895444 3.1081627726581 1.2979458611908
8 4.7 2.73622036267313 0.537457590928207 2.81773026247994 1.48332861648326
8 4.8 2.97038256088351 0.647123435078113 2.64943138166186 -0.0759496472519881
8 4.9 3.14292109977842 0.795424982859101 3.16226166814368 1.01875292930279
9 0 2.93014893230248 1.12976811330271 1.98151637605033 0.949369512650045
9 0.1 2.79069790530381 1.3622083763416 3.48967285870752 1.4719626164032
9 0.2 2.53230580869519 1.60986890412599 3.43567555540041 1.63954789865917
9 0.3 2.1883387003702 1.84540360043334 2.33469410721123 2.13345450398222
9 0.4 1.8107600316877 2.03950230275715 1.19961515127798 2.05299363798919
9 0.5 1.44992902697566 2.17152580154674 2.3115156584755 0.941616290469829
9 0.6 1.13850988052051 2.2352702582011 1.2956314974346 2.0487881048851
9 0.7 0.888294449552153 2.23711859632974 0.243954810283486 2.38860313053365
9 0.8 0.696371251843913 2.19015387521081 1.20591663368651 2.02174758142822
9 0.9 0.553095587382685 2.10873101575148 0.466671460938356 1.2394980516384
9 1 0.447574374345196 2.00540864945436 1.60582286977313 1.48213281332369
9 1.1 0.370248672405495 1.88992702235174 0.836062968970875 1.65944257284526
9 1.2 0.313629612633781 1.76930231757194 0.74148740573553 1.26279027809338
9 1.3 0.272182773512207 1.64833893181594 0.336520609285729 1.8753246979893
9 1.4 0.241939881822812 1.53019289729964 -0.523695409706742 1.32770546124519
9 1.5 0.220099483834794 1.41684788295213 0.0372885736471041 1.96905953938054
9 1.6 0.204702085193128 1.30947600208327 0.348888505960154 1.40816889131147
9 1.7 0.194387348882501 1.2086975573542 -0.00761013993546242 0.922200071925226
9 1.8 0.188222103756662 1.11476331288522 0.704410226011394 0.834600552529501
9 1.9 0.185580902564073 1.02768120531502 -0.667442024442409 0.867374982268258
9 2 0.186065879860517 0.947302096483455 0.399459586883166 0.100463017004063
9 2.1 0.189452303893977 0.873379716715141 1.29131867215963 0.817657991486281
9 2.2 0.195652050771753 0.805612036181482 -0.0240490335453084 -0.0941807883354193
9 2.3 0.204691487914262 0.743668545680005 0.0743864309059674 1.86067735743051
9 2.4 0.216697984749153 0.6872096552453 1.22066508611198 1.24394236678007
9 2.5 0.231893128334169 0.635899977988513 0.548300625855267 0.650830175402966
9 2.6 0.250591136545315 0.589417507489189 0.426037064738902 0.0897454170095512
9 2.7 0.273201026068894 0.547460243127996 0.538026279417735 0.509259628462926
9 2.8 0.300231957405699 0.509750948292139 -0.186123065807284 -0.159611754211669
9 2.9 0.332300901874663 0.476041042162922 0.38362873696488 -0.195436145060454
9 3 0.370142020767507 0.446114099013194 0.252066139540175 0.18682229887708
9 3.1 0.414616960309918 0.419789538598439 0.478685567781461 0.113831304994648
9 3.2 0.46672494858247 0.396927037939598 1.05342521704346 0.646750181527913
9 3.3 0.527611185417875 0.377432244642903 -0.244317010987259 0.712761168871917
9 3.4 0.598570975442876 0.361264581976849 0.507852749747826 -0.395321512882913
9 3.5 0.68104602356567 0.34844812813611 0.438814880047491 0.869267782610138
9 3.6 0.776607261111922 0.339086942138193 1.1144647448769 0.927309366058994
9 3.7 0.886915749877578 0.333386780703797 0.553954819160955 -0.160362215583107
9 3.8 1.01364903329354 0.331685982209537 1.81773991539934 0.675619821364491
9 3.9 1.15837421608901 0.334499439899902 2.01915984392963 0.336275323015524
9 4 1.32234066530752 0.342581079466207 1.70410933203223 -0.624093016462301
9 4.1 1.50615573751426 0.357011664796048 1.86030869655199 0.381250767192506
9 4.2 1.70928113234554 0.379322563016839 2.16788087896525 0.949645493074891
9 4.3 1.92931016791664 0.411658151215273 1.86419920980558 0.171354915816613
9 4.4 2.1609415637872 0.456980796870281 2.54525962345596 0.814417506029432
9 4.5 2.39465597541367 0.519286520215517 1.75754261123927 0.669250535499353
9 4.6 2.61524121649613 0.603736235501038 3.21765075263961 0.940838165936524
9 4.7 2.80068071739615 0.716467840133604 2.65727176037008 0.440122661038264
9 4.8 2.92259297847998 0.863638868052459 3.0080360076158 0.758786511223618
9 4.9 2.9501109704207 1.04910858142387 3.06249149069701 1.17483283337783
10 0 3.05385643878519 0.930075915063044 3.73601678673227 0.802865868043223
10 0.1 3.0339579341347 1.14222377163386 2.20833877580814 0.645686435250592
10 0.2 2.87792813256464 1.39059422933058 2.32506168924275 1.42690842143967
10 0.3 2.59214819140549 1.6556626835249 2.48887873369618 1.61919984744144
10 0.4 2.21612981122311 1.90624130962265 2.61106560932557 1.79184320550483
10 0.5 1.80971683404829 2.10944107059616 1.14273660012572 1.72674849811607
10 0.6 1.42853535175329 2.24329325996389 1.06910366983258 2.3649156793836
10 0.7 1.10610537078031 2.30277658457921 1.25755517377814 2.29802133685019
10 0.8 0.852080043624062 2.29667766785728 0.44667684068206 2.54114309300096
10 0.9 0.66068443024244 2.24033734739101 0.696912188068929 2.6912909476274
10 1 0.519998588962988 2.14962147311466 0.800596512953308 1.89641419843766
10 1.1 0.417723004505875 2.03786895179258 1.08219743110426 2.59908090554153
10 1.2 0.343573750577244 1.91510325859338 -0.0623328942323531 2.05518752240809
10 1.3 0.289753429868579 1.78835433989982 0.346759209970756 2.01490457381068
10 1.4 0.250635493895359 1.66231668232323 0.213103313050553 1.54165595036877
10 1.5 0.222259548076188 1.53999747693697 -0.0433524420690862 1.6935835058001
10 1.6 0.201872008492128 1.42322950926659 0.338084051837877 2.78464669920199
10 1.7 0.18756458986925 1.31305400233145 0.439151933250146 0.555682982499587
10 1.8 0.178028195228267 1.20997498848657 1.38754420346925 0.692005710548861
10 1.9 0.172371467075374 1.11414802862778 0.809102756694285 1.0803718507716
10 2 0.170001438314454 1.02550261521003 0.305885713284113 0.794285438396481
10 2.1 0.170543271033237 0.943826175590122 -0.233830946697089 1.34443027123556
10 2.2 0.173787532660787 0.868820397175203 -0.350951623779426 1.03576615710597
10 2.3 0.179655353176779 0.800139953770299 0.0306319441547178 1.17814902246315
10 2.4 0.188176646035174 0.737418569590566 0.694582989367521 0.623392478920079
10 2.5 0.199477493724719 0.680286676607565 -0.548780911714755 0.271938022755185
10 2.6 0.213773926864427 0.628383517549413 0.346071683850852 1.2432056947983
10 2.7 0.231371156313782 0.581365032340734 -0.347475335088974 1.2012545116342
10 2.8 0.252666245257715 0.538909655931357 0.298049815273627 1.02470430769192
10 2.9 0.278154087333847 0.500722300021429 0.203720359880816 0.294424095992785
10 3 0.308435890239389 0.466537495171329 1.23283784775817 1.01276271942599
10 3.1 0.344229660944886 0.436122180471776 0.253838898783646 0.215376998138782
10 3.2 0.386382172499568 0.409278631843339 0.900643139353584 -0.343953730368568
10 3.3 0.435881325550822 0.385848052000601 0.352443854368971 0.576851745300163
10 3.4 0.493867804229371 0.365715323310051 1.14784954676324 0.0676323767143364
10 3.5 0.561644082551927 0.348815598806504 0.850574127358696 0.18900004955991
10 3.6 0.640677635428977 0.335143634954253 1.3454892160423 1.02430590436344
10 3.7 0.732593615325762 0.324767110729694 1.2040208646355 0.382593979555155
10 3.8 0.839149727436283 0.317845700651898 1.63418037751997 -0.146728286804492
10 3.9 0.96218216919307 0.314658471076228 1.21296667112527 0.721076164931443
10 4 1.10350581471254 0.315643324635009 1.3393264734937 -0.507530084750133
10 4.1 1.26474353084928 0.32145384481405 1.62933442532972 1.08877312013491
10 4.2 1.44704784660116 0.333041021915314 1.88720945423478 0.931664431191964
10 4.3 1.65066291352046 0.351769703932391 1.29741032124709 0.550421186219182
10 4.4 1.87425761669655 0.37958101996901 2.01563506980674 0.47876450929266
10 4.5 2.11394975835007 0.419208889038985 2.82408299130595 -0.108534001057278
10 4.6 2.36195951607994 0.474441944645985 3.26222811483397 -0.427904778977717
10 4.7 2.60493111938925 0.550372689206858 2.94910381807017 1.41478093168029
10 4.8 2.82225780027546 0.653454503019037 2.78815820359769 0.94326066088185
10 4.9 2.98538782894474 0.790957403035858 3.28036795563572 0.308231384976297
11 0 3.05120115838141 0.958028011203489 2.58565935237267 0.895374292228965
11 0.1 3.01285094860262 1.17517618070259 1.92589058439644 1.11902612171655
11 0.2 2.83818915920128 1.42634165732764 3.72052552449297 1.511502421366
11 0.3 2.53825307224907 1.69019653834255 1.51998220558636 1.6868216924947
11 0.4 2.15623896457284 1.93481476468119 1.86229869998538 1.84093959963647
11 0.5 1.75238340573351 2.12841286781274 1.55982810739489 1.98654042991289
11 0.6 1.37953915703381 2.25139420591035 1.99222417838864 1.82396026947593
11 0.7 1.06752677585584 2.30098589414187 0.952205459218432 2.16075208276824
11 0.8 0.823322065364298 2.2872053886549 1.74339956629327 2.2419803052541
11 0.9 0.639957850092588 2.2256203912873 0.139652621470127 1.49324381759518
11 1 0.505344758533694 2.13175881512891 0.118532327698202 2.25804761893795
11 1.1 0.407478534639777 2.01844409708007 0.728034555584741 2.30040123500704
11 1.2 0.336474095208762 1.89522039609473 1.22435685314564 2.25128810203801
11 1.3 0.284893057637258 1.76873872364331 0.186079766692758 1.80463612431895
11 1.4 0.247384818270788 1.64342259862461 0.31170275111723 1.49984818351585
11 1.5 0.220187525126241 1.52209204044734 0.859759797916946 1.46093737495491
11 1.6 0.200684331423591 1.40645624606435 0.623839354120146 2.03554134054416
11 1.7 0.187065560394784 1.29747131248279 0.766981013546577 1.81061874361201
11 1.8 0.178087594789268 1.19559019517681 1.55253809213353 0.588120714702734
11 1.9 0.172905479747896 1.10093566005848 0.0526318774397625 0.82625705168477
11 2 0.170959824250749 1.01341745818931 0.341795097653571 2.18414642268159
11 2.1 0.171901113779276 0.932811718656156 0.309389193106923 0.215708962987658
11 2.2 0.175539786205699 0.858814613706167 0.0150402639181251 0.70770811219962
11 2.3 0.181812980408334 0.791079581582829 0.100477325056097 0.498593798378649
11 2.4 0.190765015359856 0.729241219638924 0.14980005148069 0.829783819349905
11 2.5 0.20253538531207 0.672932603002151 0.103417050911867 1.10422064819163
11 2.6 0.217353562787795 0.621796559747555 -0.351001286346747 0.646082142198041
11 2.7 0.235538510401994 0.575493473820161 1.40156499877539 1.07043624976189
11 2.8 0.25750198047559 0.533706683329052 -0.314601445015287 0.999663315612626
11 2.9 0.283754786849054 0.496146412832886 0.0185681790327686 0.380765396897942
11 3 0.314915622387288 0.462552840775551 0.0515633423095142 0.296365917625847
11 3.1 0.351721700666161 0.432698953221542 0.626804487072959 0.605581266561264
11 3.2 0.395040679275174 0.406393590198759 1.19088044515753 0.0442644441456463
11 3.3 0.445882912940842 0.383485213887569 0.449673389624991 1.12896022932699
11 3.4 0.505412661288979 0.363866948971135 1.10323339593904 0.292561467837716
11 3.5 0.574956119297731 0.347483599795376 0.358772145555328 0.61922209821953
11 3.6 0.656002958273789 0.334341585882813 0.346871874024965 0.34856049138452
11 3.7 0.750196264215597 0.324523112252249 0.729920661114677 1.18516023316084
11 3.8 0.859303031095249 0.318206458896605 1.14424617026039 0.566814697143586
11 3.9 0.985153275162672 0.315695116285438 0.770209382472091 -0.390596500985698
11 4 1.12952978252668 0.317459713845851 1.07115549879742 0.23430381666901
11 4.1 1.29398185678873 0.324198357905339 1.68972318933208 0.184491898101999
11 4.2 1.47952595775044 0.33692282739983 0.538717945308856 0.427904036919965
11 4.3 1.68616837341824 0.357082889297436 2.17808235378945 0.727514212837814
11 4.4 1.91220086283818 0.386734947382527 0.758710012829539 0.624489092416949
11 4.5 2.15316600372094 0.428766485963982 2.93789927441809 -0.43997971288749
11 4.6 2.40045599183028 0.487158686950469 2.34691020714414 0.693176253355211
11 4.7 2.63961889397038 0.567214261627211 2.1546803095694 1.33258060890956
11 4.8 2.8487831284076 0.675542351243056 2.77533466582605 0.481166548649039
11 4.9 2.99832094118658 0.819346003998562 1.92162364804171 1.05380980174191
12 0 2.97113278176404 0.943974722408542 3.00776901834124 -0.151206124471505
12 0.1 2.94539264140156 1.14933222151445 2.38328556055876 0.646966416885112
12 0.2 2.7927524270395 1.38702579914805 3.51036788953235 0.846772821625069
12 0.3 2.5205936872081 1.6383924854838 2.29327233293045 2.39386133650574
12 0.4 2.16552089237279 1.8747962037942 2.98244607460087 1.84121863683924
12 0.5 1.78170856462691 2.06652783249549 1.44281169886444 1.62085409843078
12 0.6 1.41962151647796 2.19369937511111 2.46810545145278 1.87593835863214
12 0.7 1.11043575671431 2.25146507141823 1.52489591518938 1.6609142579935
12 0.8 0.864104756101617 2.2474300538284 0.891505591688435 2.45476744742909
12 0.9 0.676365083830337 2.19539626596252 1.16404389602568 1.94253225128169
12 1 0.536867513382436 2.10996273832459 0.183399543605567 2.70236686220231
12 1.1 0.434471210679641 2.00365147890904 1.22130443019809 2.38383506169321
12 1.2 0.35961570192723 1.88604161615423 1.59277871280679 1.95223307776442
12 1.3 0.304905451505764 1.7639654908245 0.562115554213708 0.710206883974786
12 1.4 0.264919775158993 1.64206057934632 1.26890681679427 2.37157831135399
12 1.5 0.235793091960835 1.523347740121 0.219231101115374 1.95859259436903
12 1.6 0.214809007251214 1.40970533008976 0.529546717469842 1.72870659214011
12 1.7 0.200069946586556 1.30223040950819 -0.0552302883706365 1.61375695707218
12 1.8 0.19026379646475 1.20148485575752 0.976779823293852 1.59479100001041
12 1.9 0.184493137642338 1.10767710960897 1.30191887019384 0.678348803776786
12 2 0.182159396659003 1.02078372261017 0.304318738622038 1.39781859301056
12 2.1 0.182883973130707 0.940633490121717 0.526607398542461 0.257077247088542
12 2.2 0.186456614418435 0.866963795009025 -0.0962435015196064 0.872551737028269
12 2.3 0.192800654685087 0.799460300412939 0.340052204614219 2.11208771939257
12 2.4 0.201951394292386 0.737783617531079 -0.237767289055877 1.19590743591357
12 2.5 0.214043421845006 0.681587663873166 -0.132559742096394 0.335453207487228
12 2.6 0.229304359463412 0.630532418733612 0.711956824681575 0.369461789481373
12 2.7 0.248053792120163 0.584292529193694 -0.149859393579239 -0.17926892235906
12 2.8 0.27070590007719 0.542563535517774 0.533589225777605 0.3968279988837
12 2.9 0.297775095381081 0.505066441227868 0.272695212693869 0.281337927820884
12 3 0.329884055100748 0.471551368006799 1.06945226633062 1.10424497550076
12 3.1 0.367773466345417 0.441800906976624 -0.00923601060630941 -0.0559242220753039
12 3.2 0.412312724522358 0.415633679460605 0.255381418470502 -0.322009160243957
12 3.3 0.464510520037216 0.392908640373033 0.130174632060005 0.869495409224129
12 3.4 0.52552373587721 0.373530724160939 -0.116075052057271 -0.64373717766365
12 3.5 0.596662256115505 0.357458582794125 0.924432069527494 0.247650099217477
12 3.6 0.679386015219345 0.344715414689475 -0.17006702560476 -0.0917265999816299
12 3.7 0.775288694794316 0.335404270520209 2.05759742970322 0.0603628343245973
12 3.8 0.886059596723406 0.329729801269856 0.870734775496862 0.520930571906101
12 3.9 1.01341096839497 0.328029258094331 1.47240234401617 -0.316080912451652
12 4 1.15895187753351 0.330816742720537 1.39917392247208 0.170508597110306
12 4.1 1.32398102081126 0.338846285926723 1.82337662957265 -0.405752792709137
12 4.2 1.50916161084497 0.353200708336864 2.20909475599863 0.208265979027577
12 4.3 1.71401460735913 0.375417421885672 2.33398554335585 0.574539710947223
12 4.4 1.93618417611191 0.407655094895472 2.77978503620036 0.266028616216059
12 4.5 2.17039503948731 0.45290494724519 2.83617716719226 0.861249035618664
12 4.6 2.40709643746461 0.515217004590326 2.51967926216573 0.616715806878886
12 4.7 2.63093176879888 0.599846836975822 1.96418512117739 1.01606761422109
12 4.8 2.81955283623482 0.713085521610219 2.7451667669919 1.21922506199523
12 4.9 2.94400437989104 0.861301189282844 2.80078963853594 0.155820176154538
13 0 2.94338163308078 0.826306052181098 2.99339596174058 1.15472907212845
13 0.1 2.99486839347642 1.0070329413504 3.00695739225625 0.742663716417919
13 0.2 2.9274707683255 1.22654208412078 3.03552237258631 1.42834020681005
13 0.3 2.73020174490855 1.47423635959832 2.10600894904244 2.38674655110093
13 0.4 2.42074646073884 1.72714068307197 1.83572836357884 2.15058190759415
13 0.5 2.04467168879828 1.95434743888721 2.77779964377998 2.64602348227102
13 0.6 1.6585675562412 2.1277807569106 1.58516572283392 2.04334884924752
13 0.7 1.30834903471048 2.232206549469 1.37571276219665 1.79710641693705
13 0.8 1.01785369818348 2.26769060699747 1.30668741461877 2.64858630998775
13 0.9 0.7910277776182 2.24498029104146 0.747520950151353 3.498051881407
13 1 0.620385023488108 2.17895538898418 0.764070407381587 2.01966507388686
13 1.1 0.494561453136527 2.08395572087592 0.132099352339351 2.15534279116875
13 1.2 0.402582646692455 1.97167611209974 1.65664601826757 1.42569597069941
13 1.3 0.33548111457104 1.85078808829147 -0.415414825541886 1.17513092695332
13 1.4 0.286501559173064 1.72734158343476 0.795149770783714 1.64456453224933
13 1.5 0.250765433997836 1.60536893901277 0.329673102339808 1.30631267208504
13 1.6 0.224823945413635 1.48744961917186 0.536994741747002 1.84048483587517
13 1.7 0.206266181158867 1.37514984236197 -0.277292512531411 0.896093352291311
13 1.8 0.19341392212172 1.26934928677903 -0.612265721181992 1.66178217988972
13 1.9 0.185113561782176 1.170459524899 0.515758580866364 0.53602251915337
13 2 0.180581600779579 1.07858725899044 0.105025495369572 1.59375839681031
13 2.1 0.179302732578575 0.993640809029257 -0.131489532971321 0.834696675362075
13 2.2 0.180961056636963 0.915403719415482 -0.517542179845538 0.82882776892649
13 2.3 0.185394876610971 0.843584482925767 0.231918233256709 1.16113721093051
13 2.4 0.19256686391061 0.777851089139114 0.334716115638114 1.43022009213281
13 2.5 0.202545775212317 0.717854373361028 -0.183342159087702 1.30351117555875
13 2.6 0.215496260032502 0.663244030558612 0.677904640703729 0.357062176037811
13 2.7 0.231674385407277 0.613679767252277 0.441087373528759 0.102948192779282
13 2.8 0.251428194327456 0.568838640665987 -0.0897438108131646 0.723679133475516
13 2.9 0.275201362557481 0.528420643469057 0.425592357867168 1.19918731490019
13 3 0.303539849385079 0.492152719529522 0.607769254613217 0.294687388507919
13 3.1 0.337100723767691 0.459792145373524 -0.00909326912131903 0.310671465713085
13 3.2 0.376662549897183 0.431129762181887 0.926635048454657 1.15492110854025
13 3.3 0.423136525316171 0.40599357915515 0.089216379514971 0.433920358503799
13 3.4 0.477577214772118 0.384253283508902 1.30317846547943 0.195014363449154
13 3.5 0.541191141973175 0.365826283329496 0.023067927620264 0.909751122090254
13 3.6 0.615340576082794 0.350686085659265 1.18588909489016 0.631828214328497
13 3.7 0.701538428988991 0.338874096375159 0.585982586087883 0.213290864843645
13 3.8 0.801428030440443 0.330516365427801 1.52213060580384 1.01394853942994
13 3.9 0.916738333873255 0.325847451867454 1.3948073865349 -0.340232941470012
13 4 1.0492003578431 0.32524452814263 1.61254072630571 0.897313417945318
13 4.1 1.2004037853495 0.329276166763767 0.687615272304816 -0.0898782341750219
13 4.2 1.37156320988848 0.338771940917788 1.33941125388211 0.0377090563124325
13 4.3 1.56315218491961 0.354920687504279 1.87959842551303 0.75398249573958
13 4.4 1.77433634538721 0.379409044580472 2.08413046027209 0.334867866804136
13 4.5 2.00216016218582 0.414603151162585 1.77569405356641 0.249739816778558
13 4.6 2.24039903215193 0.463775249331824 2.72242486051788 0.581885164771174
13 4.7 2.47810222330571 0.53133263729765 1.86537293793562 0.7295891901964
13 4.8 2.69802997717393 0.622927719889163 2.49485559491104 1.23325755540361
13 4.9 2.87566048206245 0.745150025997763 2.027332938293 0.813023688698164
14 0 2.99329360256208 1.04688213929199 3.25530615012563 0.902452857082454
14 0.1 2.90060106137248 1.27328389362363 2.51855705142789 1.841359292493
14 0.2 2.67884185177299 1.52439475024763 2.16197563920553 1.27281037726196
14 0.3 2.35177874887717 1.77505217108643 2.92747877503022 1.19526223723885
14 0.4 1.96893137299197 1.99389526974283 2.54885029002674 2.11574092539977
14 0.5 1.58647619587306 2.15469255318898 1.34930169490691 2.15040593809678
14 0.6 1.24649004581985 2.24527270841547 0.919450717157902 2.41170025091957
14 0.7 0.968439748957449 2.26830227010447 1.5943967775993 2.4215346348438
14 0.8 0.753304409021313 2.23585379184538 0.83712110215208 0.805487714503094
14 0.9 0.592310325906391 2.16301026953265 0.0672407080072702 1.29960574670232
14 1 0.473910172738314 2.06370838116578 0.405092081266515 2.31745084763418
14 1.1 0.387439837790985 1.94905598624721 0.534521492928417 1.76380356835304
14 1.2 0.324364223729159 1.82717414814989 0.353157416747685 1.71333828147415
14 1.3 0.278324359746877 1.70367096058137 0.567019551183289 1.6435436046915
14 1.4 0.244752547478671 1.58225524445776 0.641023717655624 1.63289573091865
14 1.5 0.220430872954018 1.46527579588049 -1.03777423142588 1.5078596221205
14 1.6 0.203111198011767 1.35414290892998 -0.0144320196052238 1.37142282599829
14 1.7 0.191232919772046 1.24962748677436 -0.746322893558396 1.28590835347479
14 1.8 0.183725119637769 1.15206993665038 -0.239552413591963 0.900233905292231
14 1.9 0.179863627417785 1.06153006523618 0.189888050566812 1.71225411421558
14 2 0.179176591702497 0.97788627762366 -0.207599287333462 0.8911274685156
14 2.1 0.181381476057666 0.90090319358441 0.785983348278752 1.72831730405545
14 2.2 0.186342820995069 0.830278486811573 -0.81133209724851 0.0981579295080586
14 2.3 0.194045114877705 0.765674708785426 -0.80965033205108 0.95242042776682
14 2.4 0.204576330081851 0.706740946156067 0.5189002771373 0.340376823066265
14 2.5 0.218118965181791 0.653127739691871 -0.365990179066882 0.599405409889485
14 2.6 0.234946722810994 0.604497285154281 0.401117850745822 -0.2178643932841
14 2.7 0.255425667742063 0.560530433168018 0.592866214323542 0.603287274660267
14 2.8 0.280018555831261 0.520931853388687 0.715951932848987 0.260229567115902
14 2.9 0.309291961993847 0.48543387869871 0.06821702226073 -0.0764725639644442
14 3 0.343925476433141 0.453799804986084 0.919363790715141 0.765251539567065
14 3.1 0.384722328443586 0.425827144778024 0.512374684273425 -0.0672383860019969
14 3.2 0.43262057977109 0.401351351673712 -0.193745805541283 0.615220051540835
14 3.3 0.488703643896967 0.38025056158027 0.494884758406513 0.721255282154963
14 3.4 0.554208249907881 0.362452003269369 0.91207019691753 1.04621323160265
14 3.5 0.630526964498358 0.347940924729587 1.05074386942231 0.561460450346414
14 3.6 0.719200847465551 0.336773191459168 -0.00163391820011849 0.488073620140963
14 3.7 0.821895494227066 0.329093185425739 1.99882761319909 -0.259874380963023
14 3.8 0.940350252751489 0.325159334177414 1.86436157407779 0.0234418994505153
14 3.9 1.07628529573959 0.325380611790234 1.90387646610529 1.50863537688823
14 4 1.23124385958925 0.330368758442716 1.0351925677961 -0.0206618588045807
14 4.1 1.40633786239709 0.34101253498714 1.20319148054884 -0.107600659953671
14 4.2 1.6018465142205 0.358583464777308 2.41001725115215 0.43917437092383
14 4.3 1.81661239788686 0.384881286247992 2.12401905250261 0.350029285239446
14 4.4 2.04716253288251 0.422426534746514 2.67555183103209 -0.144292067902269
14 4.5 2.28649986532778 0.474691975575809 2.1623360265137 -0.178678295345436
14 4.6 2.52259792485724 0.546323243462649 2.45750373584868 0.0262895651312048
14 4.7 2.73686419393084 0.643203251399351 2.53466586504322 0.399675403256862
14 4.8 2.9033953060056 0.772007831000764 2.23523233329898 1.1329018549502
14 4.9 2.99061496346016 0.938695914782263 2.86658045282089 1.6664478749973
15 0 3.02627088796395 0.805601700646965 2.64870001963221 0.65855081831541
15 0.1 3.09082954185635 0.99066383621315 4.67050056983037 1.61250930367195
15 0.2 3.0288389723081 1.21866857241289 3.59441776306071 0.843909743525174
15 0.3 2.8257000424429 1.47941316803653 2.8959616402148 1.44413815759701
15 0.4 2.49885999917687 1.74846381487267 1.94514472645902 1.49569408142232
15 0.5 2.09824561483766 1.99160981186888 2.27733130230384 2.46672116241401
15 0.6 1.687185183039 2.17722988231576 1.32273647788576 1.8448199512497
15 0.7 1.31683346540142 2.28820327852739 1.07365544073343 2.05981150951506
15 0.8 1.01284387142686 2.32485561750575 1.22967533718201 2.33267994780827
15 0.9 0.778359019072113 2.2994418772039 1.27559603528678 2.02372353576873
15 1 0.604118646299356 2.22852847460317 0.422489808325644 2.41398818276072
15 1.1 0.477116847640116 2.12774596322791 0.322032515356386 1.73805839768295
15 1.2 0.385224444876337 2.00959206340215 -0.53950330216087 2.37573906842611
15 1.3 0.318771227597177 1.88316290873356 0.724828351041794 2.07378445795184
15 1.4 0.270614301689126 1.75469212312931 0.118160422832031 1.79825710401333
15 1.5 0.235676489639961 1.62826398002219 -0.24218836699287 1.46216181742305
15 1.6 0.210415742162414 1.50644050863864 0.0845964957801589 1.68276404747237
15 1.7 0.192381575617316 1.39074119951571 -0.782050257914014 2.06245075225831
15 1.8 0.179887377698875 1.2819844721019 0.155655515142248 1.1184780099457
15 1.9 0.171778410595999 1.18052518014334 0.495601795773651 1.53228100046326
15 2 0.167274263171014 1.08641604980914 -0.574960934789638 1.24917567263053
15 2.1 0.165862764402068 0.999516884253561 -0.252898611027538 0.441087278030996
15 2.2 0.16722938141252 0.919568227829574 -0.00342857206536448 0.583171375140834
15 2.3 0.171210611622712 0.846241286771709 0.333980653976323 1.18678216407864
15 2.4 0.177763717052992 0.779171791238156 0.36827989436321 1.23024493909849
15 2.5 0.186948907916763 0.717982084268787 -0.420575690956426 0.895801815641067
15 2.6 0.198918778448392 0.662296824424517 1.19138169238346 -0.312428588951654
15 2.7 0.213914131221828 0.611753216491322 -0.326685392468951 0.604466354217911
15 2.8 0.232264325539817 0.566008025730658 0.976028014053011 0.666424998510282
15 2.9 0.254391235409136 0.524742417152498 0.1813513929773 -0.114770929277488
15 3 0.280816180053865 0.487665436543596 0.155364270187952 0.538402409875107
15 3.1 0.312169294848509 0.45451679162823 0.0468160315497693 0.840549241685659
15 3.2 0.349200784507999 0.425069460327214 -0.263676385694545 0.595268902853789
15 3.3 0.392793487003182 0.399132568566796 1.06013851915944 0.305917415846335
15 3.4 0.443975835518257 0.376555033892363 0.145524535286208 -0.516897472419713
15 3.5 0.503933863503277 0.35723052384913 -0.244758222635418 0.806689801187227
15 3.6 0.574020128652279 0.341104433344177 0.895347041556216 0.412960676046316
15 3.7 0.65575623601511 0.328183831579242 0.409393820217629 0.624132967234209
15 3.8 0.75082380558782 0.318551716820121 0.977463270269558 0.222407533163528
15 3.9 0.861035938729658 0.312387505922301 1.41681330745263 0.493275752344948
15 4 0.988277033145612 0.309996563403441 1.69744340140954 0.113605019275526
15 4.1 1.13439253761358 0.311852855817391 0.627931668558601 0.0361107099177005
15 4.2 1.30100111092415 0.318660617132542 1.61928366940158 -0.165197504741669
15 4.3 1.48919066197799 0.331442869078941 2.1787058134851 0.628621561927448
15 4.4 1.69903399063758 0.351669221698385 1.87679019429782 1.39717470780487
15 4.5 1.92886004525863 0.381432364540724 1.6629241214284 0.139579710534387
15 4.6 2.17418684361663 0.423683224239264 2.15936850150994 0.181858644239993
15 4.7 2.42626263103018 0.482510302578491 2.34032075457611 0.231487413236687
15 4.8 2.67028091737819 0.563390844643691 2.84010913726914 0.890387994321231
15 4.9 2.88369061243637 0.673198924196723 2.92151393722224 1.16728094099306
16 0 3.02559700754111 1.03442895848862 2.91442889672537 0.609495841271374
16 0.1 2.93878707684195 1.26261190640887 2.90618751050592 1.15097008746932
16 0.2 2.71894993297269 1.51760692647899 3.38888326294426 1.51153122379828
16 0.3 2.38890878555422 1.77405717688646 3.44510824295182 1.95759589255827
16 0.4 1.9990902173912 1.99954361180536 1.70197336787964 1.54640579561162
16 0.5 1.60795220933773 2.16639010223642 1.37376004879441 2.3059384280151
16 0.6 1.25981660503314 2.26136789819435 0.197485041130836 2.00884899492171
16 0.7 0.975378908902315 2.28684031451373 0.669464069427546 1.98624755379397
16 0.8 0.755818311016178 2.25515763740233 0.580347734848615 1.6566098754033
16 0.9 0.592012437083948 2.18190187140891 0.0164214290105966 2.53012896636162
16 1 0.471934820089866 2.08148000325162 -0.166913046053859 2.28055951519207
16 1.1 0.384513047955314 1.96534836047363 1.39171962875008 2.33260875374113
16 1.2 0.320919429414709 1.84185464429051 -0.0834484110884025 2.20669105144769
16 1.3 0.274606838309604 1.71674028083653 0.606503828514702 2.73697821458661
16 1.4 0.2408921261713 1.5937864434691 0.535191456823176 0.483578788174396
16 1.5 0.216485956639775 1.47537819257631 0.539704809419095 1.70676246358129
16 1.6 0.19909952338292 1.3629373304826 0.10141767837589 1.29306048848258
16 1.7 0.187149273252565 1.25723403883609 1.16452024816235 1.30738331686606
16 1.8 0.179548147411115 1.15860421803158 0.256470475124503 2.35005668502798
16 1.9 0.175562047237307 1.06709878203616 -0.360268120731691 1.64705434348582
16 2 0.174712172421907 0.982585826761578 0.477989260531265 0.249945004065583
16 2.1 0.176710154745452 0.904819606199996 0.950448750038103 1.17757570032629
16 2.2 0.181414716408358 0.833488023129575 0.496415839535079 1.97076236454166
16 2.3 0.188804426196483 0.768244137119037 -0.0649706367044148 1.11967239523662
16 2.4 0.198960725005541 0.708728180239822 -0.564602890271276 0.283779138118852
16 2.5 0.212058740488035 0.654582402237 -0.165355193043255 -0.0324001099863455
16 2.6 0.228363842546716 0.60546119913582 -0.156915808597335 0.791382804454744
16 2.7 0.248232597662346 0.561038095289035 -0.791226232397729 -0.67925760460119
16 2.8 0.272117069806461 0.521010735528962 0.244138893088976 1.05606777072262
16 2.9 0.300572062294047 0.485104532701749 0.302806234662845 -0.813686906751125
16 3 0.334264416161236 0.453075820519819 0.29303902154624 0.312176542848256
16 3.1 0.373983947636627 0.424714875443227 0.0619352475653004 0.270745903828139
16 3.2 0.420655182504057 0.399849372328065 -0.263480536745966 0.941082345843212
16 3.3 0.475348762956596 0.378348780315098 0.062823515844551 -0.876417595095569
16 3.4 0.539290811521024 0.360130325160011 0.808531951397675 0.503088794424178
16 3.5 0.613867598759348 0.34516732101168 0.866028173249958 0.412946486834879
16 3.6 0.700621426795825 0.33350096752984 1.4031895904096 0.462168093313937
16 3.7 0.801231459211286 0.325257157930615 0.944479001932147 1.3641916817667
16 3.8 0.917469951959059 0.320670515556928 0.288676214205889 -0.390446135201326
16 3.9 1.05111947646101 0.320118858486352 0.773675207035418 1.19311354401738
16 4 1.20382963092192 0.324172679634793 1.10413049918366 -0.470156626852874
16 4.1 1.37688170089607 0.333666075380398 1.37889018438492 0.730383680422986
16 4.2 1.57081997468408 0.349796981873553 2.08940796156212 0.788558956177494
16 4.3 1.78487139137119 0.374270610911716 1.47858120207275 -0.290295134570596
16 4.4 2.01611608185218 0.409487337789435 1.73773295344473 0.379235645527596
16 4.5 2.25830271854691 0.458781133621301 1.9457113172664 0.594556453778818
16 4.6 2.5003312698823 0.526665947244525 2.6851367388284 0.983157549160493
16 4.7 2.72460437219851 0.618965974698376 2.93260953886303 0.2803603764414
16 4.8 2.90593565447168 0.742525279917156 2.63347413424536 0.496446992404642
16 4.9 3.01254877697957 0.903923348946636 3.17472095961738 1.3347680109266
17 0 2.92683163685401 0.981238659093252 2.28666827104622 0.849596707296905
17 0.1 2.87933725308349 1.18810965837185 3.18350510589319 1.31256564436888
17 0.2 2.70953719648517 1.42307507055629 1.89156429562868 1.97916852420918
17 0.3 2.42968421160061 1.6662469047151 3.25054490607961 1.91144231923724
17 0.4 2.07839824648438 1.88959804748897 1.65218365345626 2.49298155479793
17 0.5 1.70757150821747 2.06599755448714 1.37538347461406 1.88714859339589
17 0.6 1.36270555011296 2.178784188247 0.859799981491656 1.93475835995082
17 0.7 1.07036311226561 2.22537816396756 0.963153650635309 2.09436994680708
17 0.8 0.837938460579543 2.21411029870289 0.133626182351848 2.01757956162664
17 0.9 0.660549639459562 2.15837331456203 0.698928084542056 1.87595862482747
17 1 0.528285195677568 2.07189891704114 0.808657985985972 2.22687884196353
17 1.1 0.430772561368228 1.96632868977831 0.378246619834067 2.73598794383161
17 1.2 0.359165952365502 1.85054571982391 0.346322845968679 2.00728065498873
17 1.3 0.306622847928426 1.73088798632582 0.62956964052463 1.65947300532686
17 1.4 0.268110140028475 1.61167039418287 -0.222405929997441 0.983318977320161
17 1.5 0.240022727104583 1.4957124303157 -0.572187717162782 2.23055696351486
17 1.6 0.21981386986632 1.38477390621601 -0.263536188743139 0.446785508584495
17 1.7 0.205700978244675 1.27988142798887 -0.318131353992699 1.20025924925481
17 1.8 0.196446995823414 1.1815630076391 -0.459357026963151 0.792646016266864
17 1.9 0.191205568252186 1.09001330642394 -0.713217910823866 1.04757540985122
17 2 0.189414317806073 1.00520775571638 -0.154401935018506 1.15109133766358
17 2.1 0.190723477106978 0.926979794389092 -0.0615723091520897 -0.300518377531374
17 2.2 0.194945816587565 0.855076913137566 -0.427290332283407 1.0946055751621
17 2.3 0.202025074713995 0.789197118896931 -0.0240783828128791 0.784223253441472
17 2.4 0.212016211237902 0.729014372869615 0.862946065252806 0.236089973056276
17 2.5 0.225073775952302 0.674196443402594 0.148536148914034 0.83686247082038
17 2.6 0.241446545293233 0.624417163302106 0.28615646995214 0.403983123747225
17 2.7 0.261476947351634 0.57936502299139 -0.685010813895074 0.345656862684349
17 2.8 0.285604015236532 0.538749414116835 0.90432708948452 0.0537513124705178
17 2.9 0.314369251272541 0.502305270234349 -0.00734819230602352 0.227566416646479
17 3 0.348424583217859 0.469796979185827 1.17245314809688 0.680773251605713
17 3.1 0.388541734448898 0.441022065524905 0.832832449734804 1.4247575609729
17 3.2 0.435622092851324 0.415815221698897 0.328740821470883 -0.202671837938518
17 3.3 0.490705803102335 0.394053241058209 0.277153685630605 0.420841405059586
17 3.4 0.554978251158007 0.375661491388019 0.466746817355389 1.16783805157781
17 3.5 0.629771006126757 0.360622789582366 1.23263130699119 0.534662415615457
17 3.6 0.716552980239001 0.348989779741169 0.552556034708706 0.347550807829715
17 3.7 0.816905273351261 0.340902355222237 1.27901857440218 0.347480904320664
17 3.8 0.932469939183434 0.336612310680874 1.09726498720281 0.387725062307852
17 3.9 1.06485818272653 0.336518322879202 1.85894360046756 0.542177542978396
17 4 1.21549674452286 0.341215588839132 1.12696610216021 1.06074507974437
17 4.1 1.38538260297238 0.351565870991957 2.04368293937242 0.102809250249608
17 4.2 1.57470293360963 0.368795610804601 1.7781863156096 -0.343053020475431
17 4.3 1.78226301507311 0.394630469509217 1.19357459065978 0.696853912596573
17 4.4 2.00467262256641 0.431468821912586 1.79463529474825 0.48489248224641
17 4.5 2.23523241925584 0.482586993323606 2.19653521388739 1.30522075445452
17 4.6 2.46257348917657 0.552325454815674 2.67224764265089 0.866920011518284
17 4.7 2.66929450786746 0.646123238184357 3.05955196782408 0.599193838419662
17 4.8 2.83133333552331 0.770090317391322 3.3961996866716 0.518664445469732
17 4.9 2.9194691511727 0.9296326135836 3.03938806527983 1.04292894034475
18 0 2.85778962924841 0.994442550043383 3.04831094448089 0.536430225931534
18 0.1 2.80549572696912 1.19546114767939 3.06612942784903 2.20207468398209
18 0.2 2.63841068978668 1.42144108616462 2.76504648083841 1.41365687072699
18 0.3 2.36929315732934 1.65332366467523 2.11514686684371 0.794669401008613
18 0.4 2.03436625666818 1.86512195516569 1.93010093682866 1.51105630602147
18 0.5 1.68127011790926 2.03209150395957 0.88963821124826 2.09983606763334
18 0.6 1.35171504234431 2.13910161989268 1.71388498001437 1.81773360069936
18 0.7 1.07046283302068 2.18373856801104 1.35175593559248 3.04682505095652
18 0.8 0.844970164837728 2.17352428188684 0.806590863838243 2.5716668809824
18 0.9 0.671338340633919 2.12074376093438 0.282733067340523 2.6355462433895
18 1 0.540763632071585 2.03817343271581 0.687619701007175 2.73771212538431
18 1.1 0.443745646106603 1.93679891325481 0.343971038399755 1.92919360799535
18 1.2 0.37202004983957 1.82511623711805 0.892251278917119 1.9867454425481
18 1.3 0.319092441776677 1.70926775519574 0.0231188542141179 1.52449649925441
18 1.4 0.280124377840605 1.59348896996285 0.67005194288373 2.1041096482036
18 1.5 0.251613356859036 1.48058486715127 0.0886505255744927 1.6191888820565
18 1.6 0.231063422033899 1.37233354398037 0.751211014244102 1.624719331551
18 1.7 0.216714915849269 1.2697947405869 0.628193798002305 1.6564311398614
18 1.8 0.207339766642867 1.17353468558131 0.74992949161982 1.2046525987384
18 1.9 0.202094818780916 1.08378564719351 0.207611637283539 1.42925128977251
18 2 0.20041909187144 1.00055800653515 0.183027487276602 0.314147679025539
18 2.1 0.201963311015102 0.923717972364057 0.121713693299722 0.560249335460695
18 2.2 0.206543275481799 0.853040787979201 -0.43143564452871 0.403573196052144
18 2.3 0.214107090858241 0.788249745649382 0.649903669489056 0.332856653017191
18 2.4 0.224716035186169 0.729041209634109 0.572507389428008 0.0396551863210503
18 2.5 0.238533149830646 0.675102866957639 0.513309410036204 0.322010350933683
18 2.6 0.255817799040575 0.62612650191524 -0.159856674481926 0.102497317305015
18 2.7 0.276924936714013 0.581817021908024 0.876940984507912 -0.0503524714999692
18 2.8 0.302307845517664 0.541899128834914 0.273637318837881 1.3261445236406
18 2.9 0.332523570792408 0.506122423067039 0.305856400492265 0.0527688051751676
18 3 0.368240241704092 0.474265768273966 -0.544447614390098 0.9496904412351
18 3.1 0.410245444409817 0.446141489346732 0.907993884099572 0.0151717128174157
18 3.2 0.459454590624786 0.421599987312902 0.568669215390032 0.939728345500785
18 3.3 0.516917750083839 0.400535385847479 0.561845402639147 1.01000289490022
18 3.4 0.583822837425014 0.382892886376472 0.80210813774486 0.700033880190696
18 3.5 0.661491800424378 0.368678759136284 0.73574094750045 -0.356797030687292
18 3.6 0.751364872612442 0.357974194971829 1.68894034461375 1.30404026880429
18 3.7 0.854965597510274 0.350954667013341 0.0304153288326412 0.318824465042925
18 3.8 0.973835780693144 0.34791712801836 1.36721035919009 0.504918901127257
18 3.9 1.10942448728504 0.349318296774609 0.612493316015873 0.886039363166133
18 4 1.26290827900878 0.355828448650742 0.585098677644784 -0.432308270930919
18 4.1 1.43491285637549 0.368406046202671 1.26627880655814 -0.061510111600137
18 4.2 1.62508456333026 0.388401687333092 1.77659250493909 0.715203224703816
18 4.3 1.83147806574072 0.417693309653007 1.8236503358076 0.615080953077938
18 4.4 2.04969536578227 0.458855097833193 1.8772861477707 0.191531268140989
18 4.5 2.27177398470237 0.515336001576795 2.08437448518423 0.327163380208777
18 4.6 2.4849247714285 0.591577332243871 2.96158895917236 0.624985943148041
18 4.7 2.67048678685212 0.692899485118506 3.34599704452631 -0.232914096721002
18 4.8 2.8039871657246 0.824811483931028 2.8065057942022 1.69117595348153
18 4.9 2.85771885899063 0.991300075779875 1.84404173333837 1.4178626350553
19 0 2.90450927532245 0.855927356056626 2.99038362759107 1.34271337618502
19 0.1 2.93732354052206 1.03811333687508 3.3539945200301 1.56398607225308
19 0.2 2.85368895141383 1.25607340693654 3.03346944528077 1.89052627203243
19 0.3 2.64708010496108 1.49782270230573 3.38130035704084 1.65461881394277
19 0.4 2.33830600803463 1.74015751909752 3.25393281283577 2.07896341549759
19 0.5 1.9725205558853 1.95378613581382 1.27965297073377 1.89973903980029
19 0.6 1.60245056910621 2.1135149982109 2.58838526657285 3.03297425130282
19 0.7 1.26918448314517 2.20672564304709 1.52561340603466 2.46937709140844
19 0.8 0.993235307712538 2.23472952383996 0.506577037073413 1.42140174167875
19 0.9 0.77734247204644 2.20818320302344 1.44147911772888 2.74991646240927
19 1 0.614240523841606 2.14117057089658 -0.40550752779635 2.50285616790858
19 1.1 0.493343570646112 2.04710203296649 0.508287482614829 1.93629619644538
19 1.2 0.404483667805064 1.93689773508244 0.724355723353827 2.03874604774515
19 1.3 0.339329439066621 1.81867874471644 0.474119587234251 1.17212210370112
19 1.4 0.291570777510191 1.6981388617905 -0.586803867030768 1.70884424956365
19 1.5 0.25662191639335 1.57909496266666 0.372288599115089 1.80814786142736
19 1.6 0.231220648074001 1.46400456116195 0.344311458111516 2.18716095823198
19 1.7 0.213074340480403 1.35436971433912 0.503652946975725 0.47528133364901
19 1.8 0.200579677698417 1.25104200362751 0.832525918175401 1.27786482116151
19 1.9 0.192631583277876 1.15442556795593 -0.0789252990769119 1.22241062703301
19 2 0.188479282734146 1.06463183771413 -0.30936967885144 0.464757889644871
19 2.1 0.187631444182783 0.981580004823042 1.19729067990812 0.826985236096845
19 2.2 0.189790875714421 0.905068108090096 0.0770682617986956 1.21448907924335
19 2.3 0.194812316269913 0.834820401436201 -0.351623611080964 0.450995534485795
19 2.4 0.202674124203764 0.770521032073344 -0.168025975112648 0.802088591178772
19 2.5 0.213461125179476 0.711836778682323 0.638403134799412 0.578472081113585
19 2.6 0.227355192896804 0.658432775707036 -0.234309012643555 1.69988101125862
19 2.7 0.244631288085484 0.609983619513256 -0.662406437962347 0.857429534919659
19 2.8 0.265658297828215 0.566180808359793 0.0807616806071284 0.390037841195616
19 2.9 0.290902903237118 0.526738457868661 1.04852300094503 0.558565205182803
19 3 0.320936215843199 0.491397564583515 0.339589931170195 0.756796255588375
19 3.1 0.356442359625607 0.459929705205702 0.806642194965845 0.493917327205907
19 3.2 0.39822827222963 0.432140680634141 0.0251163493087864 -0.0489127909121388
19 3.3 0.447233766290664 0.407874649418913 0.28575502667822 -0.182253380701234
19 3.4 0.504540464281546 0.387019326740397 0.0135591225490879 0.657113175882924
19 3.5 0.571377534528212 0.369512935951315 0.306948226379449 -0.317032167068327
19 3.6 0.649121082865836 0.355353801779339 1.04608059031865 0.561058814801112
19 3.7 0.739282425974697 0.34461379396069 0.967286439548819 1.01487872697992
19 3.8 0.843478036566207 0.337457313490208 1.09389348975939 -0.380665335320713
19 3.9 0.963370352004136 0.334168221038709 0.724240409552529 0.678477063514551
19 4 1.10056340672044 0.335188108857319 0.749747008232562 0.382867976873658
19 4.1 1.25642983811962 0.341170664335215 1.05596252158185 1.03335258799644
19 4.2 1.43183831552152 0.353058005606882 1.7849808197174 0.941750237616289
19 4.3 1.62672340496709 0.372189413315172 1.84187179868446 0.702206266648772
19 4.4 1.83946429160009 0.400445165534885 1.86355911402686 0.759793167562742
19 4.5 2.06598516575587 0.440433956846151 1.23243532025457 0.505452349433713
19 4.6 2.29855974736646 0.495704855492357 1.8316599886817 -0.0978538862188782
19 4.7 2.52438686811165 0.570920701432002 2.35006261380567 0.27304920247672
19 4.8 2.72428338796086 0.671823066121642 2.61657720911854 0.426134319274672
19 4.9 2.87238368755797 0.804628790699392 2.61723086426078 0.70237231733814
20 0 2.91910797604006 0.856148452005198 2.64138301688277 0.666404904533003
20 0.1 2.95152355346922 1.03989034120755 2.09982862030718 1.3591301999879
20 0.2 2.86589783639394 1.25990360927871 2.34764564193592 1.27640495958258
20 0.3 2.65575548323839 1.50397633357609 1.79695761597556 0.896088623466249
20 0.4 2.34256639775077 1.74844275451274 2.48872106085463 0.976728452582883
20 0.5 1.97253134929766 1.96349657989948 2.00141631831854 2.75226847564496
20 0.6 1.59925413655039 2.12365771731644 1.72214599287297 3.24098598366265
20 0.7 1.26413128957259 2.21637695027387 0.900623778515244 2.41001821696466
20 0.8 0.987475336007732 2.2432722624615 1.63342872996343 1.8196217958969
20 0.9 0.771620292672774 2.21534227510689 0.786534143960111 2.10535531120058
20 1 0.608932856409961 2.14692389972603 0.372521745442553 2.23104910082057
20 1.1 0.488582300893541 2.05156863802458 -0.228181911329073 2.61227566529747
20 1.2 0.400268015474446 1.94025344423029 1.40435267228302 2.19468689491269
20 1.3 0.335599623890066 1.82110721961128 -0.107493804206329 2.34998741349671
20 1.4 0.288248485157385 1.6998080622855 0.463401722458342 2.44195728392509
20 1.5 0.253629235623266 1.58014919255185 -0.142809155434318 2.6544221596902
20 1.6 0.228487881467066 1.46456326423183 0.0709618401843488 0.477190186887559
20 1.7 0.210541265038074 1.35453051606626 0.0417732630166046 1.75788931109518
20 1.8 0.198195334488796 1.25088341956923 0.889650700007111 0.505250295291466
20 1.9 0.190352788808051 1.15401054911443 0.351856457718944 1.13972896859967
20 2 0.186269086490636 1.0640105280685 0.096435861861491 0.301930113900177
20 2.1 0.185457424296273 0.98079239792645 0.324938341770827 1.43227208555907
20 2.2 0.187624000773607 0.904145840796262 0.760093087950856 0.775958694345275
20 2.3 0.192625814468542 0.833788393645684 -0.586495739854963 -0.281476634881328
20 2.4 0.20044260956126 0.769398700114084 0.477048982042564 1.15397853086327
20 2.5 0.211159864014636 0.710639002839975 -0.10903057898189 0.508848060897024
20 2.6 0.224959517265832 0.657170640884975 0.0186339851682352 -0.0032130972366482
20 2.7 0.242116076063266 0.608665012226141 -0.453136623497064 0.577437396003362
20 2.8 0.262997612905263 0.564810824654348 0.639477122712959 0.416147644519371
20 2.9 0.288069715640249 0.52531971116506 0.168365368669176 1.60857518979807
20 3 0.317902254889517 0.489930378579667 0.432438107710773 0.0423671800642178
20 3.1 0.353178124910252 0.458412206902056 0.382083000278625 -0.51843132972656
20 3.2 0.394703259660111 0.430568792758115 0.156722020770711 0.719201333834325
20 3.3 0.443416991747016 0.406241976688768 0.331000161444017 1.00685787282673
20 3.4 0.500401404776048 0.385316922652381 0.143163466089174 0.701508269917185
20 3.5 0.566887657156919 0.367728927694343 0.818704058230987 0.827127720693389
20 3.6 0.644256200014648 0.353472839854814 1.72027860855942 0.227764229370516
20 3.7 0.7340262070111 0.342616279407502 1.22320501411781 0.222711650843165
20 3.8 0.837827127625202 0.335318339256606 0.73750158780103 0.583475058421803
20 3.9 0.957341710698974 0.331856146293772 0.453261144865972 0.0376651966608146
20 4 1.09420464443995 0.332662670776865 0.973122731132523 0.203955736900108
20 4.1 1.24983355468047 0.338380534484065 1.25007176854717 0.195326449400323
20 4.2 1.42515902948424 0.349938246430104 1.67307099760797 0.483514598797865
20 4.3 1.62021133890659 0.368656254657886 2.18022004202664 1.35734707166155
20 4.4 1.83348709895609 0.396394689453362 1.31375430888694 0.500290582047695
20 4.5 2.06106921642628 0.435739357476299 1.74146290753209 0.673950173702732
20 4.6 2.29542014940726 0.490220489302064 2.55766089052594 -0.287733565425814
20 4.7 2.52393624277439 0.564498226877598 2.89312709695249 -0.10373626782618
20 4.8 2.72758121003949 0.664353367992629 2.85883201824881 0.137655258769947
20 4.9 2.8804652207541 0.796128074504884 2.73675662077045 0.465160903757276
