0
115
205
326
436
571
711
857
1005
1108
1245
1384
1513
1649
1791
1941
2048
2195
2331
2438
2524
2674
2781
2843
2888
3013
3161
3315
3463
3588
3739
3880
4030
4176
4323
4431
4572
4710
4855
4949
5098
5235
5334
5489
5644
5769
5906
6045
6182
6318
6458
6600
6750
6882
7033
7144
7279
7421
7584
7750
7810
7949
8098
8248
8285
8420
8565
8708
8858
9008
9157
9270
9416
9560
9700
9831
9985
10132
10280
10414
10541
10676
10821
10929
11070
11175
11275
11355
11505
11562
11705
11856
11998
12140
12250
12350
12497
12590
12730
12876
13023
13069
13189
13304
13415
13558
13635
13760
13892
14031
14175
14309
14393
14553
14703
14845
14992
15143
15292
15342
15491
15636
15734
15806
15846
15998
16146
16299
16443
16607
16745
16810
16920
17064
17139
17309
17466
17597
17726
17846
17998
18050
18170
18246
18395
18541
18607
18725
18813
18941
19010
19161
19308
19415
19548
19684
19749
19895
20041
20188
20333
20471
20612
20757
20885
20948
21060
21181
21245
21387
21499
21619
21678
21801
21940
22077
22185
22331
22390
22471
22625
22733
22834
22974
23106
23271
23403
23543
23640
23792
23935
24089
24115
24230
24303
24444
24560
24714
24864
24994
25097
25189
25316
25459
25608
25755
25896
26046
26184
26312
26454
26579
26726
26864
27017
27157
27311
27452
